4	0.310559	0.104427	123.874	0.043546	0.733809	0.423885	0.964054	7	154.93179	-13.957
4	0.478246	0.112323	106.254	0.033164	0.894949	0.544335	0.920014	7	148.74077	-9.687
1	0.439216	0.104015	132.618	0.034506	0.703364	0.422	0.029665	7	174.70649	-10.081
4	0.608379	0.247196	128.271	0.038767	0.83127	0.480034	0.905	2	304.5873	-10.153
3	0.238382	0.168775	132.29	0.031982	0.552882	0.548782	1e-06	4	214.99955	-15.86
3	0.465082	0.254448	140.031	0.029625	0.096849	0.283082	0.005246	2	155.99955	-7.776
4	0.383471	0.125358	119.243	0.032429	0.71286	0.653325	0.016504	7	190.9024	-14.25
3	0.163062	0.117046	107.626	0.039785	0.719035	0.494167	0.969904	10	238.54975	-21.656
3	0.134996	0.117294	107.422	0.044924	0.962501	0.439232	0.972163	7	157.77914	-20.279
4	0.46668	0.708281	86.31	0.06101	0.990958	0.49584	0.244012	4	32.62621	-20.449
4	0.607214	0.10558	151.895	0.029931	0.58479	0.350904	0.866071	7	289.17506	-7.585
4	0.437787	0.061467	76.605	0.028817	0.507023	0.487141	0.888139	0	214.99955	-11.571
1	0.474711	0.18942	130.161	0.052665	0.15345	0.648926	0.960026	8	148.58404	-15.533
4	0.424221	0.137273	192.879	0.03946	0.824083	0.253692	0.664884	1	183.58812	-11.014
4	0.230616	0.357164	117.25	0.051097	0.161564	0.377654	0.439606	4	157.64853	-19.843
4	0.246277	0.131522	115.01	0.045647	0.515782	0.340736	0.805941	3	118.33424	-18.384
4	0.543061	0.141508	109.42	0.02819	0.15255	0.678214	0.017927	0	167.4873	-10.774
4	0.715433	0.117042	131.59	0.030144	0.014247	0.508644	0.79759	2	184.09333	-8.06
4	0.804615	0.317559	105.959	0.033435	0.019094	0.517831	0.000541	0	361.61288	-7.618
4	0.148598	0.112583	98.145	0.033568	0.890489	0.635831	0.903516	0	230.42621	-17.843
1	0.215135	0.149953	90.84	0.031976	0.792704	0.620244	0.004961	8	162.03955	-16.711
4	0.181741	0.107368	84.177	0.033051	0.866163	0.483189	0.19023	7	174.39955	-15.932
4	0.338773	0.105973	92.29	0.038829	0.833803	0.575209	0.001681	9	147.30621	-15.336
3	0.146376	0.196257	133.559	0.050029	0.455761	0.249028	0.020107	7	69.19955	-18.424
3	0.191216	0.138729	157.477	0.039857	0.082747	0.340076	0.004173	2	144.89288	-18.407
4	0.19789	0.126855	144.797	0.028086	0.344783	0.511551	0.050285	0	223.49288	-15.339
3	0.173582	0.147615	117.904	0.035015	0.889452	0.585669	0.114759	8	207.74621	-17.791
4	0.250129	0.112969	131.93	0.040799	0.585148	0.451508	0.307359	9	145.70621	-19.042
4	0.521741	0.088676	151.57	0.030602	0.046633	0.416165	0.001211	7	285.31955	-7.732
3	0.411451	0.121709	146.908	0.03899	0.27319	0.375765	0.0	6	274.46621	-8.461
4	0.021752	0.104838	81.359	0.040563	0.993989	0.308637	0.954818	10	113.23955	-30.563
3	0.141741	0.07583	118.955	0.038634	0.912662	0.461115	8e-06	5	195.05288	-14.823
4	0.313091	0.416061	119.195	0.054625	0.660541	0.609328	0.001342	5	155.26621	-13.225
3	0.443113	0.111664	147.242	0.031258	0.248411	0.429333	0.0	6	278.67955	-7.897
3	0.209556	0.236274	135.681	0.030969	0.152293	0.432277	0.006021	7	145.69288	-18.037
4	0.313004	0.099207	108.503	0.043221	0.749848	0.578752	0.067536	7	204.43955	-15.143
4	0.455633	0.085783	167.125	0.032643	0.253112	0.465799	0.007609	6	274.79955	-9.717
4	0.359587	0.220654	107.323	0.054293	0.637525	0.609044	0.0	1	150.82621	-12.296
4	0.202973	0.240967	113.775	0.034966	0.692464	0.635232	0.005162	8	185.49506	-19.095
4	0.270722	0.102391	143.807	0.031264	0.854214	0.424034	0.168915	2	226.61288	-13.276
4	0.247862	0.163021	110.845	0.047201	0.369247	0.712697	0.0	2	140.89823	-11.002
4	0.199684	0.149738	75.791	0.047515	0.900298	0.442776	0.165394	10	150.03955	-16.166
4	0.348235	0.129461	91.648	0.028371	0.475112	0.516408	0.0	3	153.46621	-11.456
4	0.238731	0.163616	113.414	0.038821	0.879605	0.598047	0.0	7	219.79955	-11.677
4	0.417201	0.1942	113.662	0.032199	0.385602	0.636884	0.0	6	192.57288	-10.237
3	0.349916	0.154499	122.602	0.02977	0.065178	0.452044	0.0	9	192.65288	-10.055
4	0.193172	0.132012	116.57	0.039776	0.87941	0.50465	0.470146	4	174.53692	-17.383
4	0.373951	0.11427	130.985	0.066483	0.645925	0.463286	0.0	0	120.50621	-11.798
4	0.526795	0.123118	115.563	0.030117	0.844305	0.644136	0.659365	7	190.74621	-10.687
3	0.281218	0.101151	162.81	0.035773	0.863716	0.385871	0.085153	5	250.49288	-15.886
4	0.582535	0.711764	75.934	0.032192	0.010248	0.464089	0.002288	6	304.39955	-8.445
4	0.468753	0.22465	119.828	0.036927	0.761848	0.413028	0.254641	5	131.75955	-11.444
4	0.510407	0.066889	73.68	0.028781	0.071804	0.36836	0.000231	9	212.02621	-8.501
4	0.418526	0.324167	133.222	0.031768	0.164302	0.61975	0.118838	9	233.39687	-12.738
4	0.367836	0.106634	122.23	0.040115	0.488522	0.682446	0.03769	6	237.98621	-12.185
3	0.347711	0.076216	108.316	0.032539	0.6279	0.634553	0.0012	0	158.21288	-10.938
4	0.4777	0.112264	176.163	0.031249	0.091124	0.259262	0.014413	7	184.93288	-11.048
4	0.343482	0.064084	76.012	0.033046	0.144294	0.515571	0.020343	7	214.79955	-9.984
4	0.706193	0.209846	134.765	0.027315	0.085328	0.555408	0.000354	0	229.69288	-6.78
3	0.254954	0.092059	108.176	0.038238	0.74389	0.604295	0.00092	0	155.33288	-12.765
4	0.286358	0.092892	155.212	0.031847	0.092067	0.408464	0.000748	4	259.41075	-12.729
4	0.08125	0.110174	166.942	0.037775	0.768641	0.487753	0.000459	4	198.83955	-20.503
4	0.33781	0.115055	125.996	0.036407	0.099362	0.528146	0.0	9	149.98621	-12.914
4	0.269239	0.090858	144.085	0.027154	0.669229	0.576518	0.676216	7	195.89288	-11.453
4	0.208895	0.143282	119.609	0.046256	0.82763	0.663262	0.000398	10	106.81288	-15.654
3	0.322164	0.157173	161.346	0.032359	0.176955	0.436284	0.004375	8	156.66621	-10.998
3	0.295193	0.237785	94.166	0.029136	0.184305	0.534447	0.0	0	190.57288	-13.533
4	0.218173	0.117231	116.479	0.029864	0.538126	0.580807	1e-05	7	223.97288	-12.605
4	0.204389	0.223488	155.164	0.029483	0.086458	0.417051	0.004503	4	251.70621	-16.493
4	0.207147	0.124331	71.619	0.032574	0.364609	0.270369	0.045871	10	144.37288	-17.995
4	0.507919	0.123424	86.861	0.031181	0.428181	0.567256	0.065971	0	184.90621	-10.843
4	0.673476	0.102843	84.721	0.03721	0.315004	0.395747	3e-06	0	334.59955	-9.804
4	0.38519	0.09947	98.926	0.025159	0.655125	0.515244	1e-06	3	139.79955	-11.185
4	0.80022	0.082735	173.934	0.034821	0.033074	0.455512	6.8e-05	9	194.13288	-5.659
4	0.168589	0.13949	142.03	0.045263	0.218945	0.586587	0.603386	0	166.26621	-18.056
3	0.39452	0.119053	108.508	0.029839	0.396874	0.563108	1e-06	1	129.93288	-13.716
4	0.725823	0.122579	95.994	0.025529	0.010669	0.518115	0.002475	7	182.10295	-7.576
4	0.109814	0.088808	76.503	0.040589	0.884253	0.581617	0.000163	0	135.19955	-17.929
4	0.193909	0.116856	116.04	0.04332	0.225774	0.562853	0.02272	9	258.75955	-17.424
3	0.139665	0.098199	135.479	0.057107	0.915915	0.474197	0.602451	7	142.17288	-19.245
3	0.488808	0.080833	132.157	0.025963	0.361398	0.632507	8.1e-05	10	278.31955	-7.716
4	0.480453	0.270698	78.171	0.032198	0.397505	0.596362	0.076295	3	224.94621	-9.808
4	0.301227	0.133294	111.701	0.041442	0.117591	0.61507	1.7e-05	1	146.17288	-14.704
4	0.473131	0.145355	119.557	0.031731	0.496638	0.676662	0.0	7	194.27955	-7.814
4	0.295228	0.115889	119.436	0.036685	0.928001	0.617854	0.793526	7	188.35156	-19.612
3	0.384375	0.053656	108.775	0.03202	0.291005	0.377266	0.019438	0	183.63955	-9.802
4	0.252195	0.145451	79.471	0.031411	0.335507	0.592379	0.004006	9	190.29288	-14.831
4	0.212268	0.105371	105.056	0.039888	0.877148	0.334922	0.261733	2	202.53288	-18.719
4	0.340467	0.453172	122.438	0.033383	0.213931	0.392118	0.186125	10	298.05288	-10.091
4	0.321656	0.106615	74.536	0.034652	0.848202	0.444147	0.000166	10	144.33288	-8.848
4	0.373831	0.10537	102.768	0.030932	0.801452	0.635749	0.670319	0	181.29288	-13.138
4	0.094574	0.117321	117.077	0.036294	0.916037	0.545909	0.023817	7	160.09288	-19.543
4	0.237656	0.099351	116.383	0.038719	0.884555	0.631643	0.108162	3	131.07955	-18.923
4	0.31804	0.225291	82.136	0.03429	0.761254	0.381045	9.2e-05	7	187.13288	-13.402
4	0.405687	0.338956	141.191	0.039382	0.275805	0.423203	0.001383	0	270.63955	-13.171
4	0.168252	0.122195	115.191	0.032056	0.931555	0.53117	0.24937	10	163.78621	-15.707
4	0.427156	0.093671	116.056	0.034449	0.290257	0.493909	0.004351	9	147.13288	-11.847
3	0.293539	0.087063	149.576	0.033793	0.676889	0.363135	3e-06	1	164.19955	-12.967
4	0.268604	0.132162	118.076	0.05146	0.801536	0.543982	0.160676	4	177.91955	-13.978
4	0.200355	0.122049	151.238	0.03066	0.572627	0.547972	8.5e-05	5	161.03955	-13.673
4	0.0188	0.110489	109.064	0.03771	0.869515	0.523656	0.000241	0	251.32363	-26.53
4	0.081614	0.113972	78.708	0.073799	0.581857	0.635826	0.0	9	264.95955	-18.343
4	0.030674	0.088486	102.729	0.046032	0.755391	0.468855	1.1e-05	9	309.91628	-21.862
3	0.152846	0.110828	113.323	0.033504	0.835508	0.403926	0.002025	0	329.45587	-16.154
4	0.217087	0.112737	78.465	0.033762	0.95033	0.470903	0.007927	1	239.98649	-15.556
4	0.124285	0.116325	119.933	0.059417	0.739154	0.534889	0.0	3	313.59955	-15.805
4	0.300666	0.105021	166.901	0.031172	0.283895	0.39612	0.715839	11	241.42322	-19.695
5	0.017487	0.120115	90.622	0.042412	0.781075	0.433269	0.00011	4	279.06567	-21.621
7	0.01998	0.122819	194.556	0.071595	0.744144	0.333664	0.879982	4	575.89506	-11.218
4	0.589769	0.96794	77.194	0.045273	0.581792	0.253766	6e-06	9	339.47955	-8.249
3	0.503723	0.128987	92.271	0.126063	0.945612	0.365307	0.174122	3	154.79955	-11.392
4	0.313386	0.123531	137.469	0.035661	0.887587	0.348765	0.0	0	259.02395	-8.751
3	0.072778	0.353516	96.001	0.036501	0.683794	0.434582	0.000882	7	225.97288	-18.482
4	0.696473	0.297477	90.701	0.02828	0.042907	0.545882	0.000269	2	222.05288	-6.981
3	0.142463	0.09931	94.159	0.035425	0.974249	0.314025	4.9e-05	0	245.75955	-15.086
4	0.032159	0.357913	90.17	0.038972	0.895731	0.635054	0.0	7	146.49424	-21.58
4	0.45474	0.707539	107.519	0.030659	0.692561	0.347722	0.0	7	222.98077	-11.669
4	0.036888	0.095486	79.532	0.050251	0.880237	0.617184	5.3e-05	1	237.94893	-22.488
4	0.150089	0.198261	80.644	0.100498	0.902728	0.574288	2.8e-05	4	97.64	-18.74
4	0.000711	0.12147	128.065	0.041653	0.034508	0.261715	0.557471	7	699.97669	-13.172
4	0.238034	0.318718	77.174	0.03043	0.186531	0.324125	0.0	0	333.23955	-8.395
3	0.095966	0.686319	112.036	0.046263	0.736357	0.524399	2e-06	0	266.09265	-15.233
4	0.31938	0.479087	154.097	0.039222	0.538984	0.552821	1e-06	0	200.10599	-11.55
5	0.510333	0.088705	112.959	0.033925	0.586447	0.321703	0.0	2	228.07955	-9.467
4	0.153512	0.100258	92.898	0.060173	0.783985	0.539998	3.9e-05	4	188.43955	-12.783
4	0.388645	0.316437	148.151	0.034372	0.650585	0.640257	0.930088	1	332.14621	-14.658
4	0.675698	0.107155	83.442	0.032364	0.277862	0.481061	0.017603	11	264.17265	-6.922
4	0.622079	0.082142	137.998	0.045027	0.177008	0.513727	0.000174	9	357.55955	-8.586
3	0.084691	0.154711	92.093	0.033112	0.662041	0.26524	0.0509	0	272.95302	-17.832
4	0.213153	0.925468	83.489	0.160181	0.901722	0.19838	1.2e-05	2	184.30599	-21.092
4	0.45476	0.307325	127.908	0.030872	0.000608	0.469225	0.036054	5	231.45288	-11.542
4	0.49805	0.282011	97.025	0.033711	0.404634	0.721261	0.885455	0	209.15955	-9.942
4	0.054665	0.099672	90.803	0.395578	0.925006	0.476437	0.0	6	117.96286	-20.459
4	0.090458	0.124244	123.002	0.035897	0.039492	0.533127	0.002092	4	348.75846	-13.334
3	0.370877	0.068786	149.011	0.033234	0.43047	0.306609	0.952191	4	237.73288	-11.877
4	0.416243	0.957531	98.479	0.029102	0.151647	0.323545	0.0	7	238.65288	-7.716
4	0.375417	0.608222	130.955	0.037836	0.841787	0.310823	0.0	0	285.37288	-8.727
4	0.406179	0.680178	95.452	0.102453	0.789002	0.444841	0.0	0	204.03955	-14.51
4	0.247268	0.691988	42.273	0.039011	0.140311	0.313855	1.6e-05	1	252.26621	-11.436
4	0.131806	0.090701	136.257	0.03368	0.430435	0.36696	0.000136	4	291.13714	-15.906
4	0.144054	0.94474	82.441	0.038178	0.526781	0.387592	0.0	4	229.01288	-13.433
4	0.097814	0.109195	113.818	0.041761	0.679171	0.58538	0.0	2	223.50322	-20.104
5	0.083369	0.939269	87.429	0.039027	0.838393	0.28012	1.2e-05	11	265.11932	-15.873
4	0.233134	0.10291	134.141	0.029822	0.810602	0.611562	0.010249	2	245.73288	-12.99
3	0.125569	0.186851	106.93	0.036709	0.844713	0.446096	0.000462	3	367.7717	-16.751
4	0.601692	0.221265	97.009	0.033486	0.336146	0.653642	0.013036	0	212.17188	-9.005
3	0.250621	0.261442	80.388	0.855297	0.875882	0.632221	1e-06	5	36.43955	-20.921
4	0.564511	0.971433	169.022	0.097678	0.066139	0.336905	0.0	9	324.51932	-11.551
3	0.066842	0.11148	112.961	0.037771	0.768578	0.496781	0.0	5	320.93995	-17.514
3	0.396421	0.451636	110.867	0.030462	0.812192	0.266597	0.001016	2	276.09288	-9.383
4	0.165764	0.081922	119.662	0.034009	0.874679	0.299336	0.151211	0	300.49288	-16.996
4	0.673462	0.106605	83.222	0.03314	0.300787	0.480251	0.019832	11	264.21288	-7.383
5	0.137626	0.984297	84.002	0.038541	0.862622	0.27087	7.5e-05	4	299.21265	-13.949
4	0.272647	0.097557	102.941	0.029811	0.867148	0.373288	0.000699	7	341.03955	-11.045
4	0.699573	0.092731	81.147	0.048134	0.172905	0.490798	9e-06	2	286.63955	-5.671
5	0.135282	0.163507	83.431	0.035432	0.796405	0.316573	3e-06	4	356.66621	-11.935
4	0.128971	0.097225	110.953	0.030886	0.901254	0.481667	0.004046	0	282.06621	-15.898
4	0.304579	0.120192	141.562	0.034369	0.490152	0.425607	4.4e-05	4	326.20558	-9.766
3	0.23078	0.215963	145.942	0.031637	0.649021	0.372241	0.00271	2	371.79737	-11.87
4	0.19382	0.351142	88.261	0.029541	0.152971	0.38584	0.00029	4	285.70077	-14.116
4	0.114593	0.093523	117.701	0.040329	0.938256	0.406623	0.021308	0	393.86621	-16.592
4	0.327393	0.111867	90.75	0.033347	0.408462	0.550534	0.001237	2	250.59932	-12.236
4	0.229593	0.100609	74.353	0.036373	0.45593	0.322031	2.9e-05	0	343.57288	-11.356
4	0.592897	0.095538	107.432	0.031923	0.270923	0.357213	0.0	7	225.37288	-6.907
3	0.501827	0.118224	159.799	0.033819	0.35506	0.325697	5.5e-05	0	193.87955	-8.568
3	0.36025	0.084873	187.947	0.032144	0.635826	0.41445	0.087975	9	286.02621	-11.326
3	0.109787	0.160087	113.288	0.047316	0.691377	0.473404	0.000479	9	350.27546	-17.758
4	0.375672	0.144378	78.168	0.045914	0.229294	0.381347	2e-06	9	316.75918	-7.999
4	0.291602	0.12956	153.919	0.056231	0.580639	0.526175	2e-06	0	278.42621	-12.915
4	0.136595	0.29882	155.043	0.040651	0.893315	0.4466	0.000301	1	246.21293	-15.12
4	0.120725	0.110266	76.667	0.062321	0.950887	0.616742	0.000121	1	245.41333	-18.336
4	0.281818	0.112265	147.966	0.032445	0.831374	0.637606	0.000254	1	310.04689	-15.369
3	0.221327	0.984227	96.822	0.03105	0.830553	0.48872	5e-06	10	255.05288	-10.948
3	0.100862	0.138607	97.456	0.035639	0.879797	0.472042	3e-06	10	244.84526	-18.689
4	0.450957	0.896774	147.894	0.03875	0.595158	0.45909	0.0	0	323.43932	-9.307
3	0.109254	0.156176	112.828	0.0469	0.708629	0.587319	0.0004	9	350.21288	-17.741
4	0.143101	0.106788	85.601	0.039869	0.6731	0.348029	0.000676	5	307.77288	-14.566
4	0.205259	0.114394	85.348	0.036701	0.258702	0.326621	5e-06	9	329.25288	-11.419
4	0.353942	0.713308	81.199	0.033254	0.123105	0.393898	3e-06	9	378.45288	-10.114
4	0.332628	0.122905	77.99	0.024203	0.583255	0.46328	0.00658	7	339.80726	-11.781
4	0.275463	0.390606	77.951	0.024711	0.613519	0.47027	0.002371	4	350.25125	-12.795
4	0.448841	0.965553	106.678	0.068381	0.192224	0.393168	1e-06	9	393.09288	-9.45
4	0.085965	0.697834	75.898	0.034562	0.874355	0.340403	0.00018	3	357.37288	-16.799
4	0.194945	0.317175	80.502	0.910831	0.763956	0.613242	0.0	7	83.35955	-20.031
4	0.368303	0.655872	96.109	0.174865	0.739222	0.452571	0.0	0	247.82599	-15.962
4	0.700575	0.706605	107.054	0.085375	0.742844	0.733847	0.000123	11	161.78599	-11.161
3	0.021583	0.111191	119.157	0.03616	0.946473	0.491473	0.166871	0	318.51057	-28.029
3	0.07982	0.108475	118.994	0.034323	0.944037	0.538809	0.322311	0	325.19791	-18.48
4	0.350731	0.118886	84.14	0.048672	0.525626	0.674595	0.007525	8	191.41161	-10.522
3	0.20148	0.099278	92.324	0.030395	0.565542	0.325734	0.004756	0	305.89342	-8.527
3	0.214548	0.101995	183.341	0.034879	0.530706	0.249346	0.008654	0	305.85279	-8.636
1	0.197529	0.109731	164.269	0.044077	0.712087	0.312772	0.067895	11	244.40118	-13.883
4	0.569387	0.110184	83.784	0.031955	0.201787	0.550949	2e-06	1	209.18621	-8.819
4	0.290313	0.143183	97.288	0.034572	0.915952	0.469888	2e-06	0	176.46621	-11.605
5	0.031396	0.091252	110.981	0.038192	0.234432	0.405608	0.000237	0	1301.70621	-9.912
4	0.131722	0.983539	117.193	0.035112	0.813204	0.356455	0.006407	7	346.74599	-16.167
3	0.23197	0.113188	116.354	0.031228	0.827693	0.727255	0.0	0	223.63955	-9.882
3	0.191783	0.483937	114.112	0.031662	0.71024	0.4868	2.9e-05	5	321.49265	-11.987
5	0.001099	0.094789	135.725	0.053137	0.924508	0.22293	0.604321	7	1316.49288	-32.737
3	0.152564	0.701052	141.679	0.080256	0.841994	0.470479	0.0	3	308.13288	-11.906
4	0.215637	0.107447	117.473	0.888257	0.832987	0.689227	0.009668	7	136.13288	-16.972
4	0.683171	0.135676	120.005	0.032039	0.423994	0.797741	0.0	5	90.04363	-6.231
3	0.299417	0.117725	89.745	0.036602	0.912294	0.612315	0.00234	0	90.04363	-11.168
4	0.133061	0.104372	123.598	0.048776	0.891409	0.635535	0.327573	2	215.50621	-18.765
4	0.320069	0.427591	104.235	0.133884	0.661705	0.504407	3.3e-05	10	287.61556	-20.484
1	0.350333	0.165868	176.577	0.079238	0.646311	0.618579	0.73686	1	167.3922	-20.575
4	0.135672	0.144402	79.868	0.942449	0.728263	0.682844	2e-06	9	74.38621	-21.075
4	0.14563	0.107527	109.901	0.034403	0.800169	0.516825	0.006293	7	173.35955	-16.333
4	0.786371	0.404873	96.439	0.068412	0.703958	0.55993	0.012817	7	258.01288	-6.536
4	0.246632	0.158769	97.587	0.039398	0.812427	0.75177	0.203008	5	203.25832	-21.662
4	0.130177	0.119751	118.502	0.042814	0.96255	0.722978	0.009315	8	90.04363	-14.666
4	0.510898	0.114751	85.354	0.050977	0.640388	0.843963	0.039441	7	233.40653	-9.101
4	0.261507	0.107204	77.894	0.073109	0.873796	0.752065	0.517155	1	185.42621	-14.394
3	0.163441	0.112036	172.337	0.957059	0.883721	0.611132	1e-05	7	133.25288	-21.314
4	0.403028	0.648209	131.395	0.155162	0.533876	0.776094	0.005739	5	215.81288	-16.201
4	0.351583	0.956005	185.299	0.059597	0.782282	0.552535	0.586321	9	202.00444	-15.98
4	0.099928	0.150421	82.466	0.040353	0.904796	0.585184	0.001362	0	181.99955	-16.077
1	0.156312	0.14702	102.568	0.947082	0.713891	0.688646	0.000107	7	85.09288	-21.924
4	0.879527	0.968207	94.751	0.052433	0.3485	0.637026	0.035736	7	253.61288	-6.54
4	0.806567	0.145919	146.957	0.075193	0.596269	0.804853	0.208945	5	90.04363	-6.201
4	0.17637	0.100982	102.266	0.052022	0.692966	0.859274	0.4592	0	184.00608	-17.088
3	0.128335	0.107821	91.184	0.943987	0.842535	0.67007	8e-06	7	94.99955	-22.336
4	0.140475	0.109205	130.02	0.036609	0.905586	0.693017	0.000622	6	224.79955	-20.79
4	0.138386	0.343694	110.369	0.03616	0.667795	0.528925	0.000173	8	209.15156	-23.155
1	0.208537	0.109689	179.998	0.081315	0.986689	0.560807	0.911321	1	217.52118	-21.432
4	0.162187	0.113795	170.93	0.962826	0.891304	0.625895	4e-05	8	116.69288	-20.291
4	0.489064	0.418801	90.047	0.060616	0.183074	0.777206	2.8e-05	8	90.04363	-8.676
4	0.256918	0.941978	86.46	0.055184	0.133004	0.711536	0.018478	2	305.75955	-18.966
4	0.231055	0.679651	123.394	0.346048	0.584736	0.887011	0.0	7	163.00363	-19.283
4	0.093473	0.109638	114.342	0.044572	0.853814	0.694417	0.003802	11	197.85098	-20.571
3	0.142681	0.127522	92.665	0.951484	0.860878	0.69007	3.6e-05	8	165.01288	-18.789
4	0.403984	0.175898	74.988	0.026335	0.505705	0.399738	0.000228	4	258.45506	-5.379
4	0.396876	0.249524	98.067	0.040396	0.774588	0.867965	6e-06	4	90.04363	-7.45
4	0.25503	0.086446	140.186	0.064668	0.343467	0.749074	0.008073	7	128.9922	-17.817
4	0.479653	0.146154	134.585	0.032767	0.516387	0.50084	8e-06	7	250.31955	-9.181
4	0.140414	0.114743	213.531	0.212042	0.971214	0.428699	0.941975	8	149.68118	-18.645
4	0.599091	0.110434	90.868	0.048792	0.332805	0.845775	1.6e-05	0	167.33288	-7.465
3	0.414477	0.983109	140.985	0.03954	0.389982	0.594688	0.102163	9	157.07955	-9.112
4	0.553808	0.762642	177.959	0.045998	0.087227	0.57915	7e-06	6	213.53025	-10.893
4	0.466444	0.109251	62.473	0.027516	0.243321	0.525888	0.000785	7	234.61288	-10.252
4	0.339331	0.273468	73.792	0.026596	0.964467	0.330056	0.000136	3	286.92853	-7.348
4	0.722965	0.949295	114.15	0.057479	0.049768	0.558909	0.010519	7	198.18621	-7.855
3	0.415259	0.276427	85.992	0.02388	0.762771	0.641939	0.039751	11	247.03955	-6.354
4	0.185893	0.103934	116.65	0.038839	0.947168	0.685021	0.001519	4	161.14621	-13.534
4	0.257816	0.083774	78.082	0.038238	0.649916	0.631316	0.003883	10	192.29288	-12.025
4	0.064386	0.321292	101.652	0.031967	0.84915	0.588449	0.800519	2	35.73556	-16.308
4	0.485044	0.117165	80.98	0.03879	0.693388	0.642347	2e-06	0	203.03955	-9.076
4	0.360314	0.122966	128.036	0.033121	0.152874	0.716574	0.039452	0	283.94621	-8.235
4	0.335996	0.12161	110.995	0.066771	0.790751	0.839027	0.003843	5	203.51955	-10.367
4	0.233257	0.093449	115.629	0.0393	0.799913	0.739114	0.777023	5	244.61288	-15.182
4	0.247944	0.822663	115.322	0.058779	0.073941	0.547922	0.000313	7	261.34354	-20.408
4	0.647077	0.360132	113.163	0.030103	0.530841	0.64217	5e-06	4	170.48045	-6.411
3	0.288639	0.181962	92.346	0.026382	0.902886	0.417344	4e-05	10	206.59048	-8.398
4	0.704279	0.187585	115.046	0.026702	0.212363	0.677891	0.000145	1	268.64281	-5.066
4	0.501101	0.730121	84.119	0.027371	0.881949	0.419184	0.154351	3	170.37288	-8.595
4	0.149361	0.16068	113.993	0.04394	0.872763	0.653001	0.003984	3	210.15955	-15.671
4	0.460163	0.324734	75.556	0.055077	0.936166	0.516579	0.002623	3	136.34621	-10.152
4	0.936191	0.335306	130.037	0.049107	0.004733	0.658039	0.213104	1	211.78621	-7.214
4	0.317813	0.226497	136.205	0.030291	0.479149	0.534561	6e-06	7	182.17288	-15.573
4	0.389498	0.121005	104.697	0.033291	0.467161	0.787206	0.066049	9	188.21288	-13.241
4	0.181726	0.117787	128.069	0.039857	0.888744	0.678295	0.001136	11	208.34621	-10.231
4	0.653978	0.040896	99.041	0.087821	0.006756	0.863077	0.00468	10	146.18621	-9.259
0	0.616168	0.645584	0.0	0.055331	0.541194	0.0	0.001813	2	90.04363	-9.141
4	0.767277	0.539277	178.061	0.083877	0.419251	0.464192	0.00561	6	263.49288	-6.846
1	0.148591	0.14785	110.701	0.946953	0.784917	0.69627	9e-06	8	70.97288	-23.383
5	0.04618	0.701101	90.862	0.036243	0.941957	0.518431	0.795333	2	172.30322	-29.028
4	0.361874	0.918006	98.872	0.084851	0.682651	0.471492	0.001349	2	1670.39955	-17.653
4	0.227046	0.114157	78.989	0.038122	0.893223	0.537485	0.181421	2	225.22621	-13.961
3	0.255342	0.113711	74.774	0.209712	0.990217	0.710364	0.917982	2	140.45995	-14.735
4	0.356904	0.966239	94.427	0.067861	0.833532	0.603388	0.001297	0	300.93016	-14.709
4	0.911716	0.516289	124.988	0.055633	0.004826	0.801625	0.646893	11	343.17288	-8.681
4	0.376492	0.752993	119.416	0.029355	0.217285	0.539319	0.097459	8	255.10621	-13.042
4	0.298216	0.685535	74.238	0.056966	0.341529	0.64589	0.002299	6	205.94621	-23.491
4	0.267798	0.140209	121.053	0.05323	0.882231	0.595206	0.0	9	180.47955	-9.896
5	0.429817	0.208401	78.143	0.032171	0.819858	0.218254	0.0	9	343.06567	-5.999
4	0.198248	0.129316	104.174	0.053196	0.662094	0.802215	0.0	0	130.75955	-10.358
4	0.315016	0.111155	181.844	0.03305	0.305367	0.602371	1e-06	4	122.70621	-10.498
4	0.559937	0.06516	92.117	0.03255	0.341242	0.780175	0.001493	2	238.59955	-9.038
4	0.153875	0.112869	114.36	0.058731	0.947823	0.715713	0.015744	4	172.81288	-16.244
4	0.620392	0.096215	131.959	0.12717	0.036134	0.530268	0.0	2	176.63955	-8.159
4	0.375225	0.107536	114.148	0.065326	0.591648	0.776438	0.001749	7	186.57288	-12.153
4	0.733755	0.136717	102.526	0.03502	0.544087	0.814478	0.001075	1	218.63864	-7.063
4	0.600417	0.118775	96.895	0.291739	0.008099	0.51991	0.0006	11	204.29288	-6.707
4	0.418476	0.656182	99.004	0.095144	0.535694	0.926527	3e-06	0	164.81478	-7.252
4	0.399647	0.090684	92.988	0.028294	0.85111	0.753634	3.9e-05	11	194.05288	-8.438
4	0.109145	0.119777	128.743	0.03817	0.944763	0.658194	0.035459	6	173.77288	-21.362
4	0.137745	0.144707	81.11	0.060166	0.382512	0.829489	0.278878	7	27.11955	-18.615
4	0.48929	0.429621	86.294	0.065293	0.813076	0.462205	0.005809	4	120.19955	-12.215
4	0.133342	0.724676	73.732	0.037992	0.395952	0.657791	0.488394	6	223.51955	-22.701
4	0.10969	0.407937	82.146	0.028885	0.893273	0.633759	0.668385	6	205.34354	-26.933
4	0.398554	0.042315	81.01	0.043707	0.564981	0.796236	3e-06	7	243.26621	-8.315
4	0.182648	0.116763	129.13	0.033388	0.919665	0.621032	2e-06	7	177.8644	-13.051
4	0.809425	0.989674	101.989	0.032529	0.391734	0.619036	0.232985	9	205.02621	-5.416
4	0.152631	0.832053	122.608	0.033833	0.391172	0.59441	0.005305	7	215.03955	-23.737
4	0.559778	0.113221	104.047	0.027071	0.197582	0.732691	0.000375	2	199.51955	-7.095
4	0.174901	0.407745	117.114	0.085063	0.663449	0.572665	7e-06	0	58.18621	-17.839
4	0.267658	0.145697	92.058	0.033844	0.70326	0.607237	0.002398	2	185.44281	-21.151
4	0.50923	0.293676	123.398	0.751241	0.961144	0.712822	0.0	10	123.01288	-12.52
4	0.849173	0.163476	93.543	0.067207	0.41049	0.596864	0.055725	7	242.33288	-5.371
4	0.229092	0.128429	125.852	0.032067	0.454416	0.64246	2.1e-05	4	254.35955	-17.059
4	0.094805	0.10636	137.961	0.046806	0.915333	0.527761	5.4e-05	10	245.41995	-20.739
4	0.711071	0.335415	113.307	0.041777	0.0036	0.583326	0.000827	8	275.43955	-12.851
4	0.32175	0.28928	82.093	0.064519	0.805314	0.694404	0.914236	9	53.26621	-13.898
3	0.157286	0.121295	106.507	0.038585	0.846582	0.456843	0.013612	0	283.58621	-17.355
4	0.711987	0.095638	116.593	0.026941	0.170885	0.58936	0.003065	9	270.99955	-9.035
4	0.609941	0.35946	92.069	0.039778	0.483427	0.54066	0.873312	4	199.13288	-11.358
4	0.008818	0.083374	173.135	0.194251	0.900529	0.499243	0.715591	2	36.19955	-22.224
4	0.74402	0.341707	185.502	0.043621	0.272066	0.543788	4.6e-05	7	249.95955	-4.42
4	0.483967	0.105813	114.933	0.042389	0.332657	0.736065	0.910746	1	191.47955	-14.74
4	0.222812	0.123873	81.725	0.032014	0.768436	0.456373	0.901545	11	355.90621	-20.826
4	0.194955	0.107578	106.83	0.040791	0.639926	0.326271	0.755248	10	230.93288	-24.882
3	0.442031	0.140778	148.084	0.049943	0.58169	0.749686	0.803196	10	142.25288	-12.3
4	0.27525	0.111502	204.544	0.034132	0.908889	0.404242	6.5e-05	5	276.83955	-12.385
4	0.186061	0.14085	141.489	0.038102	0.903382	0.525343	0.804718	6	169.22077	-18.58
4	0.912165	0.503607	119.499	0.128557	0.000107	0.411056	0.006945	0	290.43955	-7.506
4	0.08763	0.128738	140.718	0.658526	0.772146	0.586854	1e-06	9	116.93288	-26.663
4	0.273837	0.119442	110.673	0.043217	0.895504	0.542681	0.928271	7	196.50621	-16.392
4	0.156421	0.103867	135.684	0.067855	0.92276	0.668441	0.903134	2	198.24281	-22.292
4	0.10072	0.118964	115.73	0.7049	0.819484	0.612524	0.000248	11	41.49288	-25.473
4	0.545636	0.073543	75.861	0.056413	0.143872	0.328886	0.000121	0	279.93288	-10.883
4	0.206235	0.09305	85.295	0.50741	0.631584	0.60823	3.1e-05	4	116.53288	-23.721
4	0.608789	0.367537	89.58	0.038981	0.391485	0.719869	0.0	2	204.15955	-4.887
4	0.363038	0.119321	81.41	0.024678	0.531666	0.474222	5.5e-05	9	229.01288	-11.805
3	0.130284	0.33378	134.004	0.031179	0.872894	0.584801	0.000153	6	171.83302	-19.048
4	0.133424	0.109066	126.189	0.658916	0.734831	0.618929	3e-06	9	150.74621	-24.154
4	0.943943	0.28015	126.791	0.062737	0.060753	0.521865	0.0	0	211.89288	-11.482
5	0.404423	0.08389	141.716	0.029624	0.783062	0.429242	0.756255	9	314.77506	-11.648
4	0.208196	0.098307	129.285	0.038346	0.921967	0.635189	0.731556	4	300.81288	-20.604
4	0.65498	0.202625	112.113	0.03239	0.432774	0.624923	3e-06	0	191.46621	-11.02
4	0.359383	0.110048	89.933	0.024232	0.668304	0.583833	0.008952	6	273.30621	-10.1
4	0.425354	0.119484	125.801	0.061851	0.338244	0.432329	0.042521	11	256.90621	-13.716
4	0.738619	0.078477	106.314	0.036268	0.330768	0.526659	0.01035	9	302.90621	-11.63
4	0.172481	0.118946	74.925	0.036703	0.952274	0.297505	0.000106	2	217.43955	-16.662
4	0.794265	0.359539	89.588	0.032366	0.014729	0.56156	1e-06	6	259.55955	-8.338
4	0.293133	0.111626	95.909	0.043872	0.59362	0.406639	0.879873	0	326.42621	-17.199
4	0.117118	0.136724	151.003	0.039678	0.872905	0.524486	0.0	7	162.73288	-15.757
4	0.182455	0.100299	82.44	0.189707	0.83459	0.72439	0.011222	4	192.91955	-14.995
4	0.436989	0.09388	93.227	0.035295	0.658318	0.668756	0.647183	11	251.79955	-16.35
4	0.924578	0.343681	149.994	0.038857	0.182388	0.560924	0.0	5	224.39955	-1.528
4	0.816141	0.672191	101.275	0.042654	0.000356	0.489332	0.009255	2	354.59955	-9.634
4	0.278731	0.098113	106.006	0.028219	0.893826	0.603586	1e-06	9	241.79955	-11.534
4	0.26984	0.112756	113.0	0.031284	0.868352	0.599015	0.002242	7	259.43955	-14.779
3	0.181401	0.111205	126.038	0.037971	0.882627	0.447893	0.480109	8	188.44735	-17.084
4	0.786692	0.242033	149.593	0.038888	0.002683	0.376484	0.000193	5	224.53288	-10.618
5	0.086588	0.08589	126.937	0.23082	0.742987	0.530541	0.00052	10	111.06621	-23.958
4	0.436315	0.160252	113.96	0.027499	0.220767	0.676556	0.002257	4	218.95955	-14.139
4	0.623168	0.071327	90.073	0.028506	0.756792	0.543698	0.110066	3	310.91955	-10.106
4	0.028652	0.072196	151.536	0.035702	0.41758	0.16875	0.845443	6	257.56689	-30.559
1	0.230556	0.086037	79.838	0.025824	0.7508	0.484437	0.223355	9	309.26621	-15.617
4	0.220256	0.106008	82.448	0.050192	0.873346	0.447309	0.00124	2	243.29288	-14.19
4	0.72918	0.085212	106.329	0.035411	0.326129	0.523993	0.009753	9	302.90621	-11.644
4	0.740196	0.131135	93.371	0.034987	0.695423	0.716393	0.834665	9	244.31955	-9.826
5	0.250456	0.118566	118.406	0.044978	0.882758	0.63003	0.53399	9	139.79955	-18.714
4	0.086289	0.175256	138.01	0.047276	0.932728	0.498412	0.933331	10	253.72689	-24.263
3	0.196288	0.111049	181.336	0.061651	0.89376	0.476441	0.609188	1	92.59955	-20.18
3	0.086156	0.102667	104.269	0.102575	0.776201	0.638815	0.000156	3	79.81288	-21.885
3	0.288245	0.093557	181.933	0.05219	0.850685	0.409866	0.305094	1	153.49288	-19.87
3	0.078258	0.109073	131.142	0.045022	0.875974	0.545228	0.561414	7	237.15955	-20.127
3	0.272629	0.102555	101.131	0.068052	0.810186	0.635846	0.013912	1	260.86621	-12.293
4	0.842112	0.120565	106.545	0.052029	0.155031	0.429924	0.179356	9	484.23955	-10.419
4	0.592375	0.152907	104.629	0.025656	0.107598	0.581079	0.322235	3	339.73288	-12.87
4	0.612012	0.092584	99.92	0.027691	0.060311	0.564195	0.000158	0	251.39955	-12.11
4	0.481007	0.163271	90.81	0.032456	0.583366	0.587095	7e-06	7	193.11955	-11.862
4	0.196338	0.109296	72.917	0.042064	0.707223	0.54225	0.00542	4	265.70621	-18.768
4	0.075325	0.201181	111.25	0.139435	0.903319	0.515223	0.000482	9	123.93288	-25.024
3	0.073675	0.193063	111.144	0.93064	0.766682	0.691414	0.0	9	465.82621	-28.007
4	0.64143	0.294836	114.042	0.031909	0.047564	0.627455	0.0	7	232.53288	-12.021
4	0.354761	0.129573	110.639	0.118574	0.490887	0.624206	0.019919	1	48.85288	-23.108
3	0.227603	0.092164	177.669	0.038794	0.823966	0.189454	0.575771	0	154.33288	-14.849
4	0.207538	0.124294	130.739	0.034303	0.79843	0.658977	9e-06	5	298.09288	-14.789
4	0.75197	0.241625	122.559	0.042573	0.396443	0.65423	1.9e-05	11	259.30621	-7.194
4	0.576388	0.258743	115.001	0.042483	0.365401	0.622677	0.000202	4	216.29288	-13.391
4	0.314401	0.129791	114.002	0.031177	0.831379	0.755775	0.0	10	266.93288	-14.527
4	0.042421	0.124856	146.955	0.042412	0.896093	0.434582	0.447124	7	158.62621	-20.642
4	0.360449	0.11973	78.991	0.025284	0.193762	0.47243	2e-06	9	300.97288	-10.621
4	0.103557	0.164352	106.82	0.034802	0.931198	0.40576	0.842866	2	113.26621	-22.729
4	0.442932	0.101381	90.034	0.025293	0.818938	0.648896	4.4e-05	11	247.74621	-9.875
4	0.371046	0.110045	127.537	0.028702	0.617408	0.623227	0.802988	7	254.3815	-17.323
4	0.896662	0.309694	116.491	0.04544	0.002116	0.603125	0.117023	9	241.86621	-6.824
4	0.412579	0.107122	173.88	0.084236	0.653429	0.587408	0.590948	11	110.93288	-15.85
4	0.131175	0.131806	93.341	0.059379	0.882623	0.529513	0.22451	2	78.55129	-20.889
4	0.260068	0.122639	92.695	0.025915	0.912985	0.636184	0.965315	4	189.37288	-15.966
4	0.196654	0.080394	105.135	0.028769	0.877354	0.359813	0.778469	2	291.89288	-17.242
4	0.346249	0.093406	81.993	0.02707	0.843786	0.624099	0.903368	4	259.15955	-17.349
4	0.315491	0.102566	86.896	0.082187	0.802204	0.679133	0.84164	6	267.83955	-17.0
4	0.016378	0.061946	120.83	0.048376	0.816135	0.273879	0.177763	2	354.93288	-23.191
4	0.498255	0.125327	168.84	0.057826	0.28681	0.339732	0.896357	9	260.94621	-12.561
4	0.565238	0.311972	121.774	0.033404	0.060648	0.587167	2.3e-05	9	227.97288	-10.473
4	0.344461	0.04598	119.999	0.045566	0.416753	0.419463	0.000394	1	358.37288	-11.928
4	0.253273	0.108776	128.628	0.058414	0.976886	0.510954	0.901428	2	68.74621	-16.099
4	0.371684	0.114503	91.52	0.025545	0.688695	0.660918	0.0	9	248.78621	-10.002
4	0.597741	0.343033	59.5	0.037772	0.520205	0.210061	0.868364	9	262.49288	-9.38
3	0.289753	0.144858	78.767	0.04347	0.985017	0.253646	0.846278	11	79.42621	-17.173
4	0.344832	0.083572	139.093	0.034277	0.614194	0.699133	0.075856	5	254.53288	-10.81
4	0.145304	0.123408	96.002	0.046159	0.915688	0.450045	0.859717	1	157.85288	-19.093
3	0.149444	0.111801	145.367	0.037163	0.898617	0.399525	0.420801	4	329.05288	-16.904
4	0.362062	0.094519	110.052	0.028433	0.532649	0.653663	0.357252	0	293.55955	-11.679
3	0.214678	0.147021	91.892	0.031791	0.729282	0.337953	2e-06	0	341.74621	-18.795
4	0.608223	0.337632	125.344	0.03184	0.259823	0.614603	0.007291	2	340.8493	-12.369
4	0.137209	0.189898	135.206	0.039028	0.847972	0.31325	0.938555	11	171.46621	-24.146
1	0.446875	0.141572	105.896	0.035104	0.76759	0.22256	0.936214	4	326.53288	-18.125
4	0.676238	0.142284	129.491	0.030691	0.291035	0.303076	0.639076	2	252.22621	-10.735
4	0.645179	0.337541	147.947	0.031932	0.021581	0.506867	0.955842	9	225.50621	-8.932
4	0.394709	0.082697	72.009	0.036771	0.814568	0.349282	0.890574	9	341.33288	-15.715
4	0.441087	0.095555	115.595	0.030025	0.783366	0.349846	0.974478	7	177.02621	-9.202
1	0.459037	0.120628	78.91	0.051172	0.833954	0.473591	0.867717	7	188.66621	-10.898
4	0.445934	0.220888	124.331	0.03889	0.856062	0.265113	0.953252	0	388.42621	-15.103
4	0.100223	0.132713	137.175	0.042383	0.934748	0.439468	0.885161	2	231.31673	-22.609
4	0.318929	0.107154	101.302	0.034176	0.924658	0.214142	0.895467	2	245.73288	-16.062
3	0.271407	0.114824	123.798	0.061208	0.919059	0.391712	0.907165	2	302.31955	-15.151
4	0.48128	0.156754	133.543	0.035155	0.704642	0.274501	0.685385	2	195.29288	-15.212
4	0.218206	0.123859	128.129	0.032451	0.966976	0.424754	0.867486	2	288.89288	-15.261
5	0.182902	0.108695	80.315	0.034799	0.939228	0.302698	0.885925	2	237.49324	-18.527
4	0.618118	0.086047	88.036	0.0331	0.583008	0.377855	0.828946	2	122.02621	-13.568
4	0.204907	0.075625	131.204	0.036436	0.916578	0.393159	0.894291	7	183.25143	-17.701
4	0.058945	0.094276	69.051	0.037261	0.689786	0.612188	0.71263	7	309.66086	-21.231
3	0.311533	0.112706	54.479	0.046492	0.869208	0.111963	0.972833	2	421.39955	-16.754
4	0.397402	0.134404	142.955	0.032922	0.894413	0.138	0.945045	0	328.02621	-13.597
4	0.396478	0.284629	92.939	0.033692	0.921849	0.456471	0.897162	2	186.27002	-15.489
4	0.139706	0.108524	79.823	0.034569	0.955732	0.637367	0.934378	7	363.67955	-18.904
4	0.273457	0.098328	134.396	0.035155	0.855657	0.329647	0.888654	7	587.6966	-21.527
4	0.376677	0.159025	71.398	0.030419	0.909811	0.224437	0.956683	9	215.33288	-16.027
1	0.355293	0.08104	113.83	0.037028	0.933901	0.408321	0.872745	0	165.4185	-17.27
3	0.461175	0.096593	93.95	0.0344	0.971887	0.259927	0.850717	2	191.25288	-11.172
4	0.398332	0.132986	92.036	0.036221	0.867853	0.521381	0.939121	2	232.14621	-13.189
4	0.486101	0.098703	115.762	0.048767	0.705729	0.357276	0.94012	9	293.22621	-11.972
4	0.643372	0.134064	112.254	0.034241	0.568012	0.327549	0.940665	7	195.46621	-15.286
4	0.242995	0.144069	107.964	0.035982	0.899065	0.414902	0.835258	7	322.82621	-14.254
4	0.307337	0.103236	88.059	0.044109	0.802565	0.712857	0.938134	0	346.77288	-15.679
4	0.12182	0.089562	71.642	0.029661	0.985112	0.185847	0.864385	2	105.35955	-12.993
4	0.438624	0.107621	130.804	0.032489	0.197461	0.446832	0.897514	0	191.27955	-7.735
4	0.936232	0.247267	120.531	0.05547	0.375868	0.527297	0.832581	2	268.39955	-12.767
4	0.343267	0.107917	90.375	0.033149	0.817283	0.573348	0.246402	2	122.78621	-10.55
4	0.334763	0.148607	118.987	0.037442	0.845698	0.341041	0.963466	7	235.73288	-15.191
4	0.094969	0.107232	69.594	0.033321	0.853841	0.293946	0.806096	9	182.78621	-16.494
4	0.324733	0.225201	171.443	0.935261	0.74512	0.60088	2e-06	10	192.13288	-19.685
4	0.444395	0.101752	144.611	0.031736	0.924756	0.201741	0.913802	5	107.57288	-11.52
4	0.572938	0.124545	111.87	0.042785	0.16601	0.391364	0.872114	2	217.33288	-12.711
4	0.248076	0.115979	129.586	0.046282	0.814765	0.440288	0.8603	11	188.25288	-15.261
4	0.28229	0.111065	134.745	0.037678	0.941363	0.326773	0.930702	7	220.02621	-16.66
4	0.273549	0.115685	128.01	0.037509	0.759573	0.366467	0.913784	0	123.99955	-14.104
4	0.287676	0.100599	100.182	0.029453	0.813333	0.482723	0.952922	9	153.50621	-23.034
4	0.118098	0.155328	131.731	0.043406	0.916126	0.513079	0.795434	9	179.76844	-19.566
4	0.786931	0.043226	135.929	0.028031	0.150894	0.517773	0.940556	9	295.86621	-9.02
4	0.265308	0.105781	147.24	0.034997	0.519467	0.247674	0.863386	5	241.76571	-19.253
4	0.737618	0.281667	120.098	0.045693	0.192277	0.755615	0.948552	7	244.59955	-11.042
5	0.129478	0.099091	79.447	0.048751	0.975484	0.319735	0.95333	2	147.9571	-18.173
3	0.309988	0.206785	66.887	0.040971	0.941522	0.331803	0.823019	9	190.82113	-17.724
4	0.439596	0.111287	113.913	0.051689	0.908144	0.324474	0.978787	7	59.73288	-13.321
4	0.297127	0.117854	123.568	0.030329	0.646926	0.360028	0.870796	2	240.33288	-18.039
4	0.210808	0.089155	98.381	0.031655	0.090835	0.223213	0.877992	2	241.95955	-22.131
4	0.104461	0.162073	139.868	0.036691	0.922455	0.217862	0.882282	1	336.96753	-25.16
4	0.296016	0.141412	76.11	0.034206	0.85786	0.124044	0.889033	9	317.93288	-14.705
4	0.428557	0.266612	92.941	0.053221	0.519427	0.594299	0.8755	2	180.99955	-9.666
3	0.127109	0.103167	116.411	0.043176	0.892476	0.46521	0.882141	0	304.53288	-16.498
4	0.236761	0.124306	73.517	0.036603	0.665995	0.287887	0.76917	7	265.05288	-19.751
4	0.128223	0.116196	131.072	0.041087	0.933468	0.304437	0.950491	1	326.98295	-25.145
4	0.19892	0.121477	71.905	0.042224	0.901649	0.357469	0.931297	2	252.47955	-14.174
4	0.100202	0.085818	66.524	0.039163	0.992107	0.20479	0.907162	1	212.86621	-24.373
4	0.528258	0.951822	81.83	0.048182	0.597215	0.399727	0.477299	7	330.43955	-9.422
4	0.125944	0.110667	79.859	0.036483	0.942649	0.290528	0.937196	3	93.58476	-17.4
3	0.037538	0.113368	84.185	0.033294	0.934349	0.349979	0.784506	2	256.85007	-22.203
4	0.175618	0.139055	106.405	0.035431	0.861498	0.54614	0.816312	4	254.34621	-18.844
4	0.652032	0.259399	83.001	0.024175	0.006224	0.556487	5.4e-05	7	252.19955	-7.708
4	0.983038	0.960023	170.974	0.545634	0.305652	0.452256	0.000405	4	279.69288	-5.565
4	0.645999	0.147846	139.442	0.030296	0.055863	0.53005	0.010676	0	241.21288	-9.684
4	0.757705	0.715027	100.514	0.026498	0.059427	0.364761	0.003201	11	256.86621	-6.571
4	0.490761	0.403255	115.585	0.049806	0.327937	0.366351	0.030455	9	841.02621	-8.176
3	0.487198	0.06956	88.509	0.458855	0.994581	0.444292	0.954946	1	1510.13832	-18.498
4	0.800595	0.785828	144.135	0.069798	0.325951	0.482789	1e-06	0	195.33288	-5.738
4	0.384882	0.068437	131.203	0.094568	0.881421	0.578401	0.016645	6	171.93288	-18.335
4	0.52449	0.118002	140.622	0.043582	0.659593	0.742877	2e-06	7	190.39955	-7.018
1	0.695719	0.345132	72.378	0.810013	0.991301	0.252896	0.010645	10	3005.70077	-18.619
4	0.537069	0.133291	85.56	0.029224	0.048998	0.48281	0.011096	9	246.12526	-15.515
4	0.433577	0.255853	95.132	0.025451	0.664386	0.58106	0.828683	5	190.69288	-11.286
4	0.389608	0.389628	111.583	0.027177	0.180657	0.615655	0.049588	2	315.32363	-16.302
3	0.147633	0.806161	115.597	0.080671	0.841602	0.493536	0.000254	4	266.16118	-16.4
4	0.47966	0.661236	81.329	0.051185	0.462491	0.539421	0.729067	2	320.74621	-10.048
4	0.516243	0.678174	123.897	0.061509	0.701456	0.71024	0.030837	11	170.59955	-8.45
4	0.124335	0.106856	84.715	0.056839	0.994501	0.322924	0.93034	5	177.13288	-23.695
4	0.183565	0.108908	80.444	0.03035	0.912587	0.301569	0.001424	10	219.82621	-13.23
4	0.955277	0.705792	178.478	0.116562	0.173038	0.381912	0.049114	4	277.42621	-4.718
4	0.709801	0.337867	113.392	0.029109	0.100888	0.498388	0.017084	4	253.13288	-7.439
3	0.643823	0.140639	115.589	0.030812	0.01575	0.34351	0.000364	4	325.30621	-12.748
4	0.504556	0.303258	118.33	0.031074	0.596902	0.702875	0.000325	9	214.34295	-12.758
4	0.392475	0.95611	117.505	0.040597	0.762216	0.515577	0.003052	1	293.17288	-11.551
4	0.638174	0.296126	128.69	0.030282	0.658114	0.542432	0.0	0	231.45288	-6.304
4	0.181421	0.134693	113.476	0.032582	0.883036	0.604169	0.000418	2	133.35465	-16.382
4	0.549541	0.733374	110.156	0.025052	0.408466	0.458375	0.000857	2	287.98621	-8.842
4	0.158545	0.370613	124.493	0.498196	0.661803	0.762748	0.0	2	306.36363	-17.765
4	0.180824	0.092352	82.011	0.054274	0.769817	0.529135	0.647959	5	484.21288	-16.656
4	0.192959	0.111823	75.135	0.028897	0.696643	0.355026	0.651327	0	169.49288	-14.486
4	0.193312	0.163804	115.545	0.037858	0.602754	0.309857	0.020152	7	193.90621	-17.248
4	0.364718	0.372173	132.2	0.064222	0.834135	0.358415	7.5e-05	0	260.75955	-12.368
4	0.073535	0.10127	93.656	0.057094	0.98235	0.488713	0.936373	9	208.26231	-21.956
4	0.459496	0.13483	105.115	0.033747	0.848852	0.461273	0.022626	5	223.55546	-10.685
4	0.871695	0.64707	103.715	0.050654	0.751538	0.612977	0.008095	5	203.42621	-5.306
4	0.873128	0.727148	76.926	0.31157	0.463744	0.497743	0.000163	9	253.46621	-6.912
4	0.129274	0.099747	126.231	0.040943	0.916322	0.536511	0.003129	7	247.64036	-17.212
3	0.112503	0.103644	82.985	0.032744	0.849356	0.656534	0.004548	4	215.42621	-17.744
4	0.857252	0.727935	90.943	0.127662	0.02334	0.486387	0.445281	9	28.13288	-9.543
4	0.178371	0.167339	169.042	0.050573	0.866766	0.362166	0.891363	7	236.08272	-13.632
3	0.212464	0.111793	60.029	0.030962	0.920372	0.302575	0.83818	0	524.06621	-12.829
4	0.884807	0.905839	132.533	0.054412	0.625953	0.641615	0.0	2	147.46621	-4.433
3	0.482374	0.098183	177.254	0.028901	0.283301	0.476703	2e-06	7	233.06621	-7.93
4	0.093806	0.10778	66.054	0.035269	0.992732	0.339617	0.877921	6	109.73288	-26.865
4	0.36926	0.129679	89.275	0.040025	0.686238	0.651508	1.8e-05	4	156.77288	-8.544
4	0.113496	0.112343	169.932	0.037582	0.848374	0.212163	0.866127	7	206.40762	-19.092
4	0.875746	0.808685	71.827	0.168174	0.262709	0.59728	0.009594	9	219.65288	-6.705
4	0.335744	0.216813	85.459	0.049158	0.743248	0.629597	0.000786	5	266.08281	-12.133
5	0.122343	0.120189	136.279	0.035148	0.992634	0.3272	0.864251	1	96.35955	-22.949
4	0.529554	0.110284	122.044	0.028586	0.152222	0.738969	0.22482	9	133.26621	-10.063
4	0.26405	0.104257	130.022	0.036247	0.853196	0.496051	0.842669	5	489.93288	-13.048
4	0.329095	0.111135	74.213	0.027947	0.769828	0.41253	0.799541	4	365.99955	-9.048
4	0.660941	0.059876	132.917	0.030698	0.698421	0.702196	0.34766	9	263.80145	-11.294
1	0.071863	0.125751	44.616	0.039665	0.971265	0.407649	0.792609	7	236.37007	-23.131
4	0.305496	0.089397	123.123	0.033807	0.702098	0.590694	5e-06	0	256.05288	-13.751
3	0.102005	0.112346	71.555	0.042062	0.944781	0.591532	0.950823	9	110.45986	-13.88
4	0.411171	0.694852	97.737	0.028052	0.798123	0.660173	0.033217	2	190.37995	-13.182
3	0.592403	0.390205	134.296	0.086404	0.857098	0.363263	0.892394	2	151.42621	-19.967
4	0.376831	0.614482	80.903	0.044829	0.702078	0.741219	1.2e-05	7	177.73669	-10.767
4	0.285301	0.114018	120.14	0.046329	0.60437	0.639881	0.844193	7	248.30621	-12.524
4	0.554792	0.071575	116.494	0.027647	0.163723	0.746851	0.155135	7	259.50621	-11.588
4	0.195449	0.121971	81.49	0.032688	0.878741	0.465642	0.067395	2	228.53288	-16.345
3	0.332441	0.349964	124.119	0.067436	0.80158	0.434887	0.052297	4	254.66621	-20.522
4	0.76653	0.098512	105.374	0.029931	0.237178	0.467067	0.520898	4	224.98621	-6.616
4	0.875977	0.798443	139.676	0.104396	0.272439	0.546873	0.0	2	183.26621	-6.274
4	0.497825	0.03397	106.23	0.028258	0.582668	0.658892	0.019464	2	243.80907	-12.887
4	0.542491	0.399619	79.967	0.035996	0.210164	0.49519	0.001128	7	376.46621	-12.904
4	0.510087	0.115496	139.479	0.033063	0.634491	0.654108	7e-05	7	206.18621	-8.337
4	0.46801	0.097464	107.423	0.047697	0.575455	0.485903	0.90066	9	284.31955	-12.527
3	0.369455	0.676751	167.807	0.056831	0.774188	0.198039	0.0	6	111.74621	-12.105
4	0.332186	0.098206	124.342	0.029152	0.603071	0.653823	0.219654	7	267.86621	-10.669
3	0.372042	0.103221	114.253	0.031242	0.788743	0.669804	0.000205	9	214.43955	-10.365
3	0.214636	0.135443	97.033	0.049477	0.916985	0.602518	0.862093	2	146.90621	-16.078
4	0.414318	0.70386	111.877	0.031615	0.745169	0.653952	0.014169	10	305.39955	-9.573
4	0.596036	0.674472	116.566	0.027836	0.204074	0.651723	0.029783	6	327.21288	-8.861
4	0.311153	0.114778	83.116	0.027412	0.575835	0.593072	0.79333	9	436.08771	-11.914
4	0.638228	0.094407	148.536	0.06286	0.598734	0.453083	0.214286	6	264.69288	-8.785
4	0.569003	0.717358	120.529	0.121384	0.795552	0.656991	2.1e-05	7	210.33288	-11.13
4	0.202136	0.700582	77.632	0.039783	0.682753	0.447567	2e-06	5	209.66621	-18.167
4	0.497314	0.69615	129.246	0.473285	0.672493	0.678784	0.0	7	233.39955	-7.02
4	0.855288	0.107441	140.221	0.029583	0.000546	0.509716	0.010231	0	248.46621	-6.504
4	0.524567	0.122852	129.115	0.043742	0.573101	0.556803	0.045946	5	82.41288	-7.225
4	0.52606	0.193061	138.205	0.05773	0.661203	0.635861	0.023986	9	221.31955	-8.641
4	0.373365	0.106278	105.327	0.026717	0.069985	0.690642	0.003399	6	234.57288	-11.153
4	0.446262	0.141617	83.809	0.033473	0.164934	0.587773	0.911504	2	194.07955	-15.3
3	0.226158	0.067459	141.204	0.05121	0.819361	0.527211	0.196326	7	239.73288	-14.622
3	0.585325	0.625208	116.378	0.052139	0.556007	0.581827	1e-06	2	209.06762	-7.578
4	0.306517	0.110187	113.502	0.031984	0.830541	0.593154	0.001125	8	220.26621	-14.118
4	0.015764	0.972684	120.134	0.042418	0.805373	0.529051	0.005619	4	384.99955	-21.692
1	0.591783	0.109117	80.848	0.027191	0.054174	0.400788	0.126739	2	278.17288	-9.764
4	0.265451	0.098887	120.06	0.032345	0.602472	0.416858	0.016317	2	742.63955	-14.682
4	0.182294	0.128037	169.238	0.033705	0.924366	0.272308	0.815546	2	212.65288	-13.791
3	0.32658	0.067731	139.356	0.029554	0.450438	0.702833	0.606178	7	260.43955	-15.228
3	0.47472	0.713934	139.493	0.031032	0.093651	0.262541	0.076981	3	456.51955	-8.02
4	0.205131	0.125139	73.584	0.048301	0.960395	0.334317	0.004926	0	425.50621	-14.033
4	0.083755	0.089284	95.974	0.047987	0.885125	0.465489	0.0	2	186.35342	-9.147
4	0.694479	0.094377	132.053	0.033781	0.39407	0.568363	0.028464	0	265.86621	-7.28
4	0.428623	0.091389	91.182	0.025287	0.900594	0.535624	0.001007	7	205.22621	-8.455
4	0.274309	0.799993	58.607	0.027646	0.715691	0.349743	0.005617	7	594.41288	-8.675
4	0.609082	0.671729	124.877	0.038812	0.793743	0.303121	0.001909	7	330.75955	-7.603
4	0.239793	0.14048	135.828	0.036651	0.80945	0.534084	0.00737	11	266.00376	-13.128
4	0.183685	0.143024	129.862	0.033924	0.758886	0.498949	0.000998	7	208.15102	-16.498
3	0.453053	0.232627	135.264	0.03544	0.155734	0.337118	8.4e-05	4	502.44703	-8.984
4	0.414074	0.110588	91.218	0.02509	0.869746	0.523547	0.041571	2	276.76689	-7.659
4	0.666042	0.926905	114.318	0.036041	0.542643	0.429393	0.052699	7	268.66857	-5.457
4	0.359258	0.155504	104.14	0.025848	0.8436	0.546477	8.1e-05	7	295.42621	-7.682
4	0.647601	0.718843	93.776	0.076607	0.657253	0.397742	0.010903	0	459.93288	-8.176
4	0.131174	0.131343	87.169	0.04046	0.950206	0.417183	1.9e-05	9	360.92803	-13.328
4	0.360297	0.114913	72.482	0.030325	0.916454	0.313648	0.465756	2	266.61937	-16.148
4	0.053323	0.1133	134.465	0.037812	0.926261	0.52947	0.010874	11	204.72118	-14.362
4	0.51177	0.113114	72.635	0.027274	0.669848	0.445387	0.005003	0	369.31873	-9.114
3	0.250867	0.076526	111.258	0.035035	0.669401	0.291242	0.005395	7	401.28463	-12.679
4	0.54006	0.308031	133.811	0.060564	0.583941	0.456889	0.0	3	225.77288	-6.732
4	0.368266	0.089915	116.145	0.035931	0.79528	0.243328	0.03048	2	384.23029	-8.827
3	0.318662	0.117344	82.664	0.032064	0.836868	0.17396	0.54927	11	192.82621	-10.806
3	0.174338	0.141155	100.681	0.026638	0.905646	0.503311	2.6e-05	7	310.94621	-9.009
4	0.80382	0.110287	110.448	0.05251	0.010324	0.326857	0.210348	5	256.77197	-3.805
4	0.574037	0.109951	126.811	0.036949	0.043528	0.528342	0.001245	7	256.43211	-8.639
4	0.308502	0.095635	121.208	0.042246	0.884653	0.503651	0.090096	2	236.65043	-10.045
4	0.151414	0.111535	75.902	0.076496	0.619798	0.415647	0.00074	5	281.94236	-12.29
4	0.733155	0.070326	100.074	0.050209	0.037622	0.660366	0.000386	9	252.82721	-5.214
4	0.796381	0.120542	99.959	0.041686	0.253767	0.568868	2.5e-05	9	222.51057	-5.618
4	0.754093	0.10878	100.127	0.038168	0.217682	0.594049	2.4e-05	2	253.52104	-4.683
4	0.795786	0.078438	99.906	0.03735	0.223537	0.569842	4e-06	6	222.45288	-4.455
4	0.502677	0.152821	77.55	0.035282	0.219038	0.522682	0.006169	7	287.12803	-8.551
3	0.31686	0.13686	74.954	0.036022	0.977815	0.372162	0.000753	4	175.78395	-9.543
4	0.638568	0.104144	125.021	0.030231	0.331711	0.580168	0.007943	2	260.30413	-8.495
4	0.063483	0.143569	130.21	0.029557	0.987551	0.536157	0.055395	2	220.57982	-15.099
4	0.185083	0.149366	126.97	0.03129	0.891782	0.357054	0.013946	7	270.66621	-16.785
4	0.423319	0.711494	90.561	0.031204	0.811873	0.320244	0.0	9	182.57882	-10.29
4	0.673773	0.098761	108.491	0.026383	0.02559	0.595079	0.001668	7	169.57288	-8.378
4	0.061133	0.131701	85.598	0.082157	0.884324	0.523799	0.0	8	270.65424	-22.607
4	0.647239	0.095023	181.05	0.036681	0.003498	0.545234	0.375174	7	282.55664	-7.288
4	0.141607	0.851022	105.739	0.488536	0.820656	0.610142	0.0	9	300.99955	-17.183
4	0.528363	0.369597	100.008	0.291546	0.329651	0.834771	3.8e-05	7	213.59959	-8.911
4	0.862509	0.134742	125.971	0.033338	0.002798	0.548277	0.003071	9	189.43955	-5.064
4	0.496639	0.181401	84.37	0.089044	0.73915	0.558669	0.0	9	328.65288	-7.121
4	0.180528	0.429491	97.567	0.122305	0.714291	0.576578	0.0	9	179.33315	-17.717
4	0.666141	0.081501	139.973	0.028582	0.301657	0.633299	0.672085	9	269.18621	-10.536
4	0.704314	0.950997	128.008	0.089231	0.002492	0.706378	0.496188	0	300.39955	-6.428
4	0.524399	0.07957	85.154	0.025833	0.044812	0.473839	0.415161	4	269.98621	-8.108
4	0.532068	0.068807	106.066	0.024581	0.004329	0.665905	0.043825	7	282.09288	-7.801
4	0.392101	0.120941	68.024	0.030458	0.188831	0.26719	0.018127	1	283.17288	-7.428
4	0.438033	0.123194	86.634	0.023343	0.050394	0.520531	0.027464	0	222.97288	-7.818
4	0.43887	0.828296	90.235	0.409391	0.713538	0.604068	0.0	9	337.08517	-14.802
4	0.704041	0.485956	94.987	0.027438	0.000239	0.619755	1e-06	6	220.53941	-6.252
4	0.744308	0.214886	84.867	0.041538	0.007265	0.390537	0.05824	4	273.59456	-7.556
4	0.868446	0.406529	99.321	0.108011	0.597408	0.582235	0.0	9	225.49955	-5.287
4	0.698008	0.093276	140.512	0.20946	0.511022	0.609164	0.0	9	254.90621	-5.436
4	0.65189	0.335478	139.973	0.180035	0.203692	0.582075	0.0	1	330.22803	-8.077
4	0.089545	0.68064	78.635	0.230969	0.867023	0.602321	0.0	6	198.7917	-22.679
4	0.789646	0.188489	117.995	0.073269	0.007139	0.713723	0.044468	4	318.86621	-5.991
4	0.897391	0.144201	140.023	0.105015	0.02389	0.519806	0.0	11	261.47374	-6.455
4	0.63293	0.741293	99.941	0.071089	0.000243	0.666611	0.02117	4	271.14299	-4.276
4	0.291623	0.232759	84.889	0.039421	0.726388	0.622592	0.0	9	222.69351	-9.537
4	0.851647	0.93898	120.383	0.145835	0.145883	0.646186	0.0	8	409.67052	-8.007
4	0.859094	0.248334	115.744	0.042841	0.032998	0.482101	0.823846	6	214.7522	-2.435
4	0.939222	0.912282	119.993	0.183217	0.164657	0.58241	0.0	8	409.21832	-4.083
1	0.43961	0.208976	92.072	0.955735	0.469831	0.710931	0.0	6	30.00961	-18.541
4	0.736317	0.179238	137.952	0.055267	0.01517	0.502603	0.0	10	214.40916	-5.904
4	0.547001	0.150123	151.816	0.04411	0.547869	0.541432	3e-06	4	200.15959	-9.054
4	0.867478	0.137807	173.954	0.090868	0.000588	0.4694	0.016595	1	264.11955	-5.661
4	0.363824	0.23866	130.033	0.064975	0.010378	0.836278	0.000803	1	245.93769	-16.076
4	0.808917	0.073347	128.005	0.076806	0.022355	0.788249	0.523026	4	285.81324	-5.653
4	0.626132	0.110873	139.905	0.185989	0.200275	0.612149	0.0	8	230.34621	-7.711
4	0.852424	0.395663	140.144	0.077799	0.215036	0.319455	1.6e-05	9	260.54621	-5.098
5	0.803377	0.267406	108.804	0.041418	0.000888	0.244706	0.14805	4	300.94621	-6.624
4	0.774991	0.343188	174.789	0.080088	0.032129	0.320523	0.001232	1	225.00113	-4.852
4	0.661091	0.116981	139.991	0.043378	0.002223	0.532129	1.6e-05	6	219.60091	-8.173
4	0.385745	0.059339	92.978	0.317016	0.385421	0.695058	0.000757	0	294.19311	-15.165
4	0.764779	0.139342	140.096	0.055228	0.008102	0.338763	5.7e-05	9	269.61469	-6.863
4	0.218321	0.121123	88.377	0.062664	0.952959	0.402481	2e-06	10	168.31955	-11.095
4	0.486059	0.771683	110.132	0.121868	0.704407	0.656166	1e-06	7	295.61116	-16.355
4	0.806746	0.032378	145.034	0.045456	0.000491	0.730089	0.10181	9	268.12476	-6.872
3	0.893959	0.114089	105.737	0.114332	0.205949	0.460781	6.9e-05	1	221.80925	-3.477
4	0.817864	0.395046	90.017	0.101963	0.09823	0.718304	0.0	4	271.33288	-5.552
4	0.099825	0.823671	88.2	0.052876	0.795744	0.578703	4.3e-05	4	151.49955	-16.758
4	0.33742	0.701359	95.976	0.354614	0.602545	0.552863	0.0	9	295.82367	-17.577
4	0.829788	0.123095	99.92	0.19701	0.217471	0.730144	0.0	6	222.6819	-5.654
4	0.37045	0.119988	136.909	0.034602	0.389726	0.594308	0.045048	7	211.11651	-10.575
4	0.566726	0.419496	105.092	0.19084	0.52005	0.704637	0.0	4	306.31955	-6.07
4	0.909901	0.696135	105.375	0.239745	0.485914	0.505284	0.0	0	587.99955	-4.78
4	0.143949	0.379351	73.567	0.057387	0.892816	0.636389	6.2e-05	8	247.47955	-15.109
4	0.769421	0.203075	140.002	0.043187	0.000429	0.612965	0.0042	11	310.91955	-6.78
4	0.950053	0.282129	125.99	0.035431	0.012044	0.67926	0.186731	5	249.7366	-2.636
4	0.531348	0.097877	100.024	0.087822	0.371154	0.795866	0.000241	1	201.58621	-9.48
3	0.171317	0.122887	118.045	0.031198	0.897601	0.540857	0.06754	8	178.82621	-11.803
4	0.812229	0.651251	109.927	0.075953	0.572335	0.60561	0.0	7	307.99955	-5.902
4	0.852113	0.34093	140.077	0.196834	0.009657	0.707591	5e-06	1	197.12975	-7.449
4	0.760978	0.069731	70.189	0.355097	0.15319	0.69854	0.0	2	136.21542	-10.206
4	0.211741	0.116435	106.111	0.360863	0.901874	0.633681	0.0	9	229.642	-13.448
4	0.153562	0.217815	97.639	0.070001	0.802076	0.501225	2e-06	4	190.53846	-14.502
4	0.53198	0.127682	92.93	0.025604	0.462229	0.544044	0.0	6	254.22621	-6.768
4	0.803018	0.407146	99.977	0.057125	0.176971	0.668493	0.0	4	248.90621	-6.432
4	0.248527	0.267838	90.812	0.278714	0.675377	0.621734	0.0	9	241.20272	-10.179
4	0.703608	0.107134	87.003	0.047321	0.37613	0.732117	0.000255	7	238.6561	-5.521
3	0.647957	0.111164	147.065	0.038478	0.090236	0.607658	0.559447	9	279.19628	-9.644
4	0.622035	0.51154	95.06	0.12385	0.015908	0.798944	0.0	1	257.21551	-7.145
4	0.242869	0.091668	119.987	0.031434	0.83017	0.680951	3e-06	11	182.99955	-11.614
4	0.255209	0.123975	88.232	0.031723	0.899644	0.343974	1e-06	10	200.75519	-12.684
4	0.335521	0.715776	166.44	0.034409	0.78488	0.376674	0.0	10	285.93007	-6.451
3	0.321622	0.119387	129.769	0.028141	0.75965	0.582001	0.000174	2	228.53288	-8.958
4	0.777649	0.047351	101.028	0.035533	0.047384	0.742635	4.8e-05	0	179.93098	-9.979
4	0.565137	0.34093	150.013	0.027809	0.011201	0.473038	0.000172	11	234.98621	-6.129
4	0.272249	0.232272	85.066	0.04123	0.671571	0.6681	0.0	9	223.03955	-10.44
4	0.253233	0.242144	86.067	0.04123	0.568161	0.56098	0.0	9	228.78345	-14.883
4	0.279005	0.220245	84.948	0.037869	0.706376	0.634274	0.0	9	256.66621	-10.159
4	0.099896	0.209209	86.731	0.041753	0.645828	0.634535	0.0	9	252.3424	-20.965
4	0.209575	0.109593	183.709	0.233078	0.883273	0.554651	0.0	9	235.85288	-12.476
4	0.378436	0.096433	108.016	0.034728	0.641031	0.7141	0.000435	4	258.98621	-10.533
4	0.22043	0.021833	74.885	0.055488	0.628524	0.550364	0.010717	2	280.89424	-16.727
4	0.549564	0.107499	120.009	0.056805	0.351825	0.816178	1.3e-05	8	233.34621	-7.902
4	0.766283	0.343641	107.032	0.033809	0.357669	0.759005	0.0	2	190.22621	-5.382
4	0.366904	0.120376	102.825	0.34304	0.752585	0.723774	0.0	8	266.27955	-7.197
4	0.495285	0.075793	97.987	0.08131	0.052298	0.741055	6e-05	4	234.37016	-10.373
4	0.097022	0.126352	151.239	0.044162	0.95457	0.594288	0.006135	11	195.86567	-14.362
4	0.411379	0.140369	73.243	0.092692	0.344125	0.418949	0.0	6	228.64934	-11.201
3	0.341486	0.131445	157.765	0.03651	0.824945	0.558466	0.0	9	244.65288	-10.975
4	0.332234	0.720433	105.918	0.038638	0.767675	0.456856	0.0	4	225.48789	-7.089
5	0.168452	0.113036	115.723	0.068724	0.843106	0.532232	8e-06	7	266.05288	-11.339
4	0.807829	0.927463	113.707	0.201313	0.728533	0.60654	0.0	10	470.30971	-6.221
4	0.323797	0.118761	87.737	0.030174	0.943313	0.45422	0.00031	7	231.17288	-10.069
4	0.666457	0.334295	91.95	0.169795	0.191611	0.760397	0.0	6	225.53288	-7.229
4	0.197591	0.188647	162.534	0.338622	0.769121	0.55032	0.0	11	221.00993	-16.253
3	0.399611	0.069654	175.037	0.036116	0.575214	0.369141	1.4e-05	1	325.98621	-8.741
3	0.458045	0.091923	175.523	0.033063	0.159536	0.455764	0.0	1	218.97288	-7.905
4	0.639283	0.536479	99.984	0.069744	0.466972	0.737663	1e-06	7	200.12363	-9.124
4	0.44827	0.153945	95.041	0.036364	0.027901	0.768533	0.000333	8	205.13288	-7.233
4	0.378765	0.106315	138.677	0.038731	0.531608	0.712117	0.0	3	244.57288	-7.782
