1	0.025147	0.11926	68.927	0.044506	0.993875	0.348924	0.958662	1	387.26195	-30.295
3	0.079598	0.081283	78.815	0.040701	0.925635	0.177705	0.044373	0	922.72358	-16.501
4	0.149396	0.247472	120.693	0.037981	0.995749	0.548121	0.927028	2	115.33569	-21.717
1	0.091262	0.091694	144.497	0.057252	0.992538	0.275062	0.913422	0	642.16771	-20.807
4	0.12747	0.057928	61.744	0.038241	0.983585	0.168339	0.903625	7	1016.67687	-19.226
4	0.028217	0.152898	90.658	0.052202	0.995725	0.410774	0.842454	10	573.85751	-22.317
4	0.124513	0.135658	97.716	0.044854	0.936445	0.612799	0.634322	5	209.35066	-19.801
4	0.157742	0.233367	61.817	0.039769	0.965713	0.139274	0.774536	4	427.32939	-18.286
3	0.027518	0.132237	150.787	0.056422	0.446407	0.352034	0.521774	3	223.89288	-25.453
4	0.04769	0.155656	111.271	0.040766	0.99393	0.464204	0.933357	7	130.55955	-26.949
4	0.265879	0.698662	125.171	0.055299	0.969458	0.402585	0.31364	5	372.35955	-13.793
4	0.029281	0.101516	126.156	0.039211	0.871203	0.289746	0.504529	5	648.68367	-25.689
4	0.018742	0.101186	87.825	0.04293	0.991848	0.368813	0.738648	7	87.69288	-23.751
4	0.070667	0.40283	85.754	0.0481	0.976451	0.244119	0.863715	7	607.11955	-24.035
4	0.201884	0.138104	75.581	0.046541	0.99022	0.514524	0.8249	8	111.66621	-19.177
4	0.065954	0.060085	113.2	0.040317	0.963547	0.430222	0.739827	1	398.89288	-22.305
1	0.080338	0.077258	87.526	0.059416	0.994354	0.208997	0.925022	7	399.82975	-22.499
1	0.174155	0.126673	77.893	0.060751	0.986708	0.469782	0.9187	5	27.03955	-21.009
3	0.281723	0.172904	169.626	0.045574	0.987718	0.128449	0.02682	2	291.47955	-16.068
4	0.256193	0.117025	106.825	0.035198	0.98953	0.322302	0.8981	3	342.07229	-19.696
4	0.259757	0.695006	128.475	0.040644	0.976417	0.195866	0.279605	11	994.11955	-15.846
4	0.050651	0.112407	102.755	0.090488	0.992772	0.499179	0.800782	5	144.47701	-17.673
4	0.122808	0.069514	76.677	0.050061	0.937405	0.335293	0.424963	5	398.69288	-16.958
4	0.223608	0.127119	97.768	0.040716	0.945058	0.278845	0.862051	8	453.03229	-18.757
4	0.116348	0.080108	85.178	0.030909	0.884755	0.268083	0.847261	0	538.43546	-20.98
4	0.130626	0.295894	135.354	0.053057	0.988864	0.524589	0.66767	2	127.37288	-19.125
4	0.071368	0.154824	63.631	0.053246	0.978325	0.342137	0.055466	2	206.42621	-22.34
4	0.125914	0.085484	118.173	0.06954	0.989011	0.54769	0.908892	2	207.35955	-21.271
4	0.109668	0.116415	129.311	0.068585	0.986611	0.398168	0.882526	6	296.30621	-17.838
4	0.146491	0.358377	82.467	0.04727	0.912399	0.489059	0.62269	0	325.99955	-19.797
4	0.377263	0.175132	131.892	0.035929	0.94389	0.429795	0.201891	0	401.49288	-13.704
4	0.176172	0.119611	84.322	0.044162	0.896668	0.373502	0.375428	4	367.86621	-21.797
4	0.070628	0.084345	133.182	0.038981	0.916321	0.317433	0.302061	5	703.31955	-21.099
4	0.095682	0.126592	127.95	0.038706	0.983193	0.393099	0.537419	3	473.57288	-21.524
4	0.036384	0.078838	77.439	0.049446	0.984508	0.241003	0.928747	3	1321.56036	-25.937
4	0.19325	0.069655	120.707	0.048348	0.977463	0.394855	0.928775	6	207.66621	-20.611
4	0.110676	0.280654	144.155	0.065576	0.970306	0.328342	0.413876	5	325.88902	-16.477
4	0.104923	0.079364	82.101	0.043748	0.849257	0.083565	0.353313	6	375.11955	-19.947
4	0.075174	0.089569	114.485	0.038865	0.956906	0.246738	0.757544	5	565.83955	-19.257
4	0.258462	0.133863	151.861	0.037453	0.730602	0.390444	0.198918	0	248.75955	-15.541
4	0.162524	0.108866	104.749	0.037226	0.993782	0.423816	0.885686	9	94.06621	-25.017
3	0.076687	0.201667	120.271	0.042689	0.935009	0.281017	0.054335	3	54.35955	-24.012
3	0.060145	0.110565	114.007	0.036061	0.965723	0.625046	0.891281	7	128.34621	-16.177
4	0.124651	0.100166	105.166	0.040484	0.979659	0.365269	0.902749	0	263.62621	-26.478
3	0.004049	0.05809	127.749	0.040651	0.994627	0.307276	0.892112	10	81.46621	-34.911
4	0.264781	0.201943	89.439	0.046451	0.981726	0.368042	0.063179	9	561.3566	-15.845
4	0.139993	0.166724	91.224	0.046451	0.988882	0.309021	0.300659	8	225.96222	-13.029
4	0.112426	0.090946	116.252	0.037046	0.991078	0.442675	0.874404	2	169.63955	-24.711
4	0.1997	0.635166	104.973	0.042036	0.98524	0.323643	0.599293	7	320.44009	-16.881
4	0.122551	0.095001	110.197	0.038236	0.953961	0.221638	0.305735	10	1125.83955	-21.187
4	0.058993	0.089153	99.402	0.044296	0.976913	0.314409	0.054771	0	369.28127	-23.703
4	0.158938	0.046593	137.059	0.04587	0.956683	0.381168	0.039534	9	853.15955	-18.034
4	0.30844	0.340227	101.734	0.056898	0.961684	0.37762	0.390438	10	248.59955	-20.63
4	0.462967	0.823648	121.52	0.057341	0.895404	0.326465	0.765768	4	416.82621	-8.483
4	0.403318	0.425889	125.61	0.066888	0.985303	0.314263	0.914519	2	665.25506	-16.735
4	0.13959	0.10833	165.041	0.055108	0.951692	0.270024	0.754622	1	271.27057	-16.663
3	0.084621	0.133412	76.388	0.037365	0.971292	0.108076	0.81521	5	623.81288	-18.691
4	0.296177	0.107678	89.122	0.046697	0.985877	0.54402	0.908191	2	262.78621	-16.296
4	0.105067	0.118625	112.194	0.036689	0.936788	0.245052	0.815526	5	560.98621	-16.206
4	0.029776	0.097031	76.435	0.046588	0.788805	0.259041	0.256663	2	796.13288	-24.604
1	0.415916	0.29017	76.971	0.038146	0.990744	0.158874	0.967508	9	406.9873	-12.115
4	0.155658	0.41039	73.646	0.033487	0.988931	0.36309	0.889414	0	860.37098	-17.29
3	0.231576	0.647367	94.41	0.03233	0.949873	0.185817	0.908392	5	541.97288	-13.464
4	0.117272	0.098596	124.019	0.047598	0.993836	0.449909	0.890518	3	361.50621	-24.719
3	0.144211	0.427055	118.339	0.037521	0.991387	0.277564	0.926885	0	237.67955	-18.833
4	0.290382	0.102576	86.825	0.048862	0.990316	0.528663	0.859544	2	277.36798	-19.967
4	0.152434	0.341305	117.308	0.039988	0.921577	0.387503	0.004856	3	381.23955	-15.871
3	0.12453	0.170513	98.8	0.040783	0.986734	0.384641	0.871938	7	225.33288	-24.555
4	0.013498	0.231739	100.314	0.039777	0.990266	0.4277	0.873552	9	155.17288	-30.906
3	0.250274	0.21705	144.196	0.062953	0.983681	0.542714	0.915409	2	222.98621	-15.515
4	0.072474	0.096908	93.322	0.04389	0.931644	0.140198	0.278887	7	653.97506	-25.613
3	0.17193	0.278631	82.07	0.040956	0.991635	0.217275	0.686399	3	480.77406	-18.573
4	0.132584	0.115992	108.084	0.051496	0.911009	0.496791	0.046283	5	192.81288	-16.24
4	0.259411	0.091773	107.913	0.034263	0.976228	0.235858	0.886338	0	407.26014	-15.666
4	0.110734	0.059695	100.745	0.041438	0.991782	0.313618	0.301407	8	558.94118	-18.781
3	0.137584	0.736635	134.091	0.039224	0.921109	0.34511	0.660945	0	278.27955	-16.963
4	0.236937	0.198402	127.729	0.040607	0.988772	0.292711	0.889547	2	1093.79955	-14.656
4	0.283339	0.629731	74.044	0.035894	0.909397	0.168929	0.863993	7	937.19955	-11.401
3	0.033586	0.118545	115.483	0.043688	0.983787	0.377641	0.246543	9	127.24939	-18.568
4	0.077151	0.048633	133.632	0.037984	0.990399	0.411554	0.911786	2	664.91955	-24.035
4	0.022632	0.091949	94.865	0.038715	0.988847	0.255334	0.901017	11	437.39955	-29.482
1	0.264991	0.175274	120.032	0.030878	0.995796	0.456789	0.810832	0	32.02567	-21.765
4	0.097276	0.097496	74.381	0.048792	0.989762	0.280161	0.91207	10	1603.44771	-22.789
4	0.089468	0.133225	172.402	0.05154	0.991865	0.198411	0.847425	9	393.01179	-23.253
4	0.12119	0.753559	100.7	0.038118	0.992196	0.290937	0.958483	3	254.57288	-19.069
4	0.023334	0.10864	62.442	0.044417	0.995069	0.228026	0.916906	1	274.31986	-26.114
4	0.027976	0.072329	84.308	0.04073	0.944415	0.177518	0.278444	0	626.66621	-25.176
4	0.009726	0.129132	109.974	0.052253	0.993376	0.393183	0.903056	1	398.67955	-29.734
3	0.099753	0.143233	111.496	0.032524	0.948773	0.304187	0.768359	5	302.98517	-16.216
4	0.183074	0.103386	169.901	0.054495	0.993229	0.336904	0.267539	5	352.34621	-17.679
4	0.051963	0.089301	114.051	0.052248	0.994	0.460654	0.906866	8	259.93288	-26.803
4	0.255867	0.170303	104.975	0.038956	0.995616	0.623107	0.915251	0	40.06621	-19.005
4	0.06863	0.099555	71.985	0.052988	0.994612	0.614974	0.951057	5	250.04363	-32.371
4	0.269907	0.066776	143.991	0.146193	0.902879	0.728535	0.852501	5	246.66621	-17.486
3	0.038744	0.099568	110.93	0.050785	0.987134	0.358927	0.924939	1	576.15628	-21.492
3	0.064811	0.223677	79.994	0.057714	0.994616	0.63306	0.963593	2	290.29832	-31.677
4	0.029616	0.134474	160.073	0.045168	0.99332	0.543895	0.93232	0	161.99955	-28.183
4	0.054303	0.11418	69.991	0.069899	0.995632	0.61611	0.954798	5	284.61823	-34.355
4	0.031483	0.091342	72.003	0.053825	0.995448	0.485978	0.961281	5	226.71628	-37.103
4	0.025969	0.112463	72.504	0.053441	0.992935	0.387165	0.855004	2	268.79955	-31.114
4	0.264079	0.091969	144.029	0.106151	0.981868	0.683495	0.9495	11	201.18313	-17.517
3	0.064475	0.110974	64.702	0.042612	0.99558	0.322631	0.901958	7	235.30621	-18.468
4	0.010608	0.072857	72.429	0.05168	0.994268	0.221714	0.913491	11	815.77751	-31.22
4	0.039319	0.121102	81.95	0.045118	0.995106	0.311859	0.901146	1	540.47302	-29.936
3	0.054826	0.31484	75.33	0.044521	0.991447	0.169272	0.894765	8	758.46485	-28.814
4	0.064321	0.10856	159.515	0.045835	0.995677	0.462875	0.9621	0	177.58658	-25.562
4	0.079258	0.16127	99.932	0.036658	0.97254	0.151899	0.921945	0	276.03546	-22.421
3	0.370134	0.107634	143.931	0.073639	0.99154	0.670284	0.941495	1	290.26621	-19.368
3	0.055582	0.156665	136.352	0.04455	0.993282	0.379093	0.925822	3	326.84363	-28.922
4	0.270691	0.185938	118.033	0.045985	0.969927	0.702833	0.899379	3	205.3366	-18.875
4	0.071603	0.096805	91.775	0.043543	0.989507	0.207601	0.891179	8	449.51465	-30.312
4	0.148394	0.159118	137.988	0.065532	0.965159	0.743618	0.873287	7	271.76599	-21.739
4	0.046934	0.131898	120.038	0.045411	0.994067	0.618813	0.836763	10	238.0419	-31.037
4	0.02006	0.096861	67.314	0.045177	0.991186	0.249662	0.914519	1	1422.44526	-25.404
4	0.150954	0.105658	94.751	0.04097	0.995398	0.562235	0.927842	7	215.99955	-20.368
4	0.170171	0.113923	140.166	0.066767	0.995796	0.60442	0.970789	0	175.09855	-24.245
3	0.17958	0.095043	80.003	0.049058	0.992672	0.430877	0.954211	0	167.99955	-26.144
3	0.27147	0.097136	175.163	0.037698	0.971801	0.127689	0.830845	2	270.22476	-13.639
3	0.056045	0.260289	88.688	0.038022	0.989364	0.249619	0.899163	11	1646.2624	-25.009
3	0.059598	0.121931	79.998	0.040328	0.99395	0.545658	0.913717	9	200.99955	-25.58
3	0.067669	0.069062	69.582	0.038376	0.995545	0.444781	0.910758	0	230.66621	-18.066
3	0.051691	0.110155	184.002	0.055413	0.995168	0.508268	0.917172	5	277.87864	-31.812
5	0.174922	0.112249	66.471	0.052923	0.995678	0.431951	0.904125	3	298.93288	-15.646
4	0.043299	0.093974	67.364	0.042305	0.993744	0.241962	0.894523	9	262.04844	-29.221
3	0.332039	0.224958	143.996	0.091898	0.987295	0.676141	0.000402	0	289.89497	-16.389
5	0.005773	0.132317	68.425	0.045609	0.98629	0.136777	0.907036	1	642.14159	-28.634
3	0.069319	0.145461	160.007	0.045885	0.995069	0.460294	0.923295	0	146.99955	-26.496
4	0.186207	0.090314	112.057	0.043038	0.991593	0.288949	0.894315	11	1088.57424	-20.668
5	0.072808	0.10877	164.68	0.03378	0.994978	0.319858	0.917477	0	113.91955	-23.974
4	0.085838	0.086604	79.992	0.051567	0.995025	0.667712	0.948314	5	186.04363	-32.086
3	0.029807	0.661588	103.755	0.03895	0.980272	0.278815	0.914457	1	2222.49751	-27.441
4	0.041038	0.114907	140.082	0.051932	0.995523	0.597722	0.956468	7	283.27601	-29.711
4	0.203971	0.103843	124.703	0.033955	0.993457	0.360826	0.878036	11	286.82621	-18.637
4	0.021918	0.078934	70.001	0.049082	0.995143	0.615647	0.956272	9	291.46231	-33.19
4	0.021699	0.085562	71.678	0.048419	0.994702	0.399242	0.925035	0	288.04027	-29.173
3	0.102593	0.13334	67.134	0.039256	0.995472	0.467442	0.899693	3	235.67955	-18.561
4	0.117043	0.086992	140.0	0.050288	0.994989	0.734847	0.963311	2	229.95959	-24.362
3	0.061843	0.08278	101.094	0.037331	0.986981	0.263543	0.917636	0	467.01669	-21.747
4	0.094912	0.099831	160.004	0.044628	0.995581	0.528603	0.935265	10	209.99955	-26.951
4	0.044312	0.691859	69.97	0.045162	0.989557	0.204031	0.907629	11	1630.51057	-25.635
3	0.029156	0.110126	75.344	0.045592	0.99527	0.477655	0.934994	0	185.85288	-23.555
4	0.224253	0.140217	109.674	0.033518	0.978918	0.335467	0.901803	5	1918.22322	-19.079
4	0.462622	0.081005	124.986	0.105251	0.02357	0.805798	0.946699	2	360.95279	-12.202
3	0.119291	0.182241	135.934	0.04055	0.977583	0.67622	0.802148	3	265.2615	-19.734
4	0.028614	0.079238	109.404	0.045792	0.994127	0.284166	0.867055	10	312.0468	-31.031
4	0.110124	0.147988	178.919	0.049663	0.990657	0.385876	0.91644	3	209.78621	-19.653
3	0.091402	0.103082	79.994	0.052787	0.995129	0.476749	0.9074	10	176.99955	-27.352
4	0.30664	0.149712	143.924	0.091152	0.953567	0.673562	0.870624	0	235.27293	-20.001
4	0.00894	0.075848	99.659	0.050113	0.993006	0.263067	0.939594	1	692.40118	-27.827
4	0.036323	0.087052	80.003	0.049819	0.995408	0.615496	0.953486	2	268.50068	-34.427
4	0.069959	0.086053	159.907	0.054949	0.995593	0.625582	0.950874	0	306.03864	-32.932
5	0.029313	0.133182	184.081	0.054759	0.995656	0.514445	0.91128	2	318.94313	-32.883
4	0.038818	0.079566	70.001	0.050814	0.995763	0.602283	0.925986	4	246.89741	-33.233
4	0.261067	0.104202	136.707	0.050958	0.993718	0.514311	0.855011	6	220.40925	-16.651
4	0.077362	0.128273	160.117	0.039546	0.992562	0.555233	0.93218	0	137.99955	-27.361
3	0.043545	0.10079	76.765	0.055561	0.995088	0.205939	0.925192	4	581.95546	-25.788
1	0.199695	0.0798	93.026	0.051619	0.928339	0.365987	0.925865	3	220.04354	-19.454
4	0.403542	0.055874	144.06	0.152064	0.647576	0.753653	0.926951	7	248.69986	-15.19
4	0.463645	0.099344	119.999	0.070514	0.957627	0.711833	0.852072	5	240.03873	-13.075
4	0.067378	0.091698	80.02	0.10522	0.995573	0.719447	0.963429	0	272.99955	-28.524
4	0.063608	0.080037	159.978	0.062992	0.995659	0.581604	0.918554	9	285.03619	-32.746
4	0.299727	0.091712	144.021	0.124354	0.779138	0.735382	0.886395	2	198.7015	-16.129
4	0.063065	0.07235	132.055	0.041478	0.988384	0.305151	0.924259	9	222.89088	-27.872
4	0.141776	0.095991	69.396	0.065756	0.994557	0.608106	0.842374	3	149.93288	-17.528
3	0.147792	0.113807	160.032	0.055387	0.995014	0.430903	0.90895	9	167.99955	-29.698
3	0.202988	0.088276	137.692	0.06571	0.993203	0.675451	0.903288	7	175.26621	-19.972
3	0.044312	0.117001	79.986	0.039613	0.994723	0.546198	0.884715	9	169.49955	-27.554
3	0.412462	0.09426	143.957	0.079414	0.853313	0.728927	0.701519	0	299.42966	-16.579
4	0.255689	0.108339	113.971	0.067209	0.976899	0.658437	0.966565	0	244.76689	-27.493
4	0.184462	0.164908	119.976	0.032509	0.911686	0.615988	0.869386	2	200.71293	-17.505
4	0.090455	0.078203	108.654	0.039296	0.98971	0.286611	0.905402	8	1991.28771	-21.571
4	0.197367	0.220345	130.09	0.038434	0.949675	0.361692	0.918913	9	210.16925	-19.849
4	0.049337	0.09301	127.478	0.039524	0.989871	0.32499	0.90777	5	229.36925	-27.911
4	0.046436	0.097528	159.968	0.05746	0.995742	0.570942	0.933095	0	294.04844	-33.098
4	0.127709	0.110478	75.134	0.04119	0.988024	0.20372	0.866655	3	466.85995	-23.125
4	0.296601	0.09522	119.993	0.047292	0.995585	0.695021	0.966032	0	280.07465	-22.158
4	0.077864	0.093218	149.967	0.062954	0.994135	0.47848	0.908886	9	234.97288	-19.034
4	0.546151	0.174139	143.979	0.095564	0.797062	0.722411	0.951833	0	282.03211	-16.449
4	0.134444	0.199631	143.99	0.222049	0.987933	0.737837	0.863358	0	221.31955	-18.133
4	0.109192	0.120903	95.947	0.037511	0.989046	0.290441	0.876297	8	2047.32036	-22.37
4	0.062116	0.109088	80.008	0.053896	0.995621	0.602702	0.914258	2	284.1219	-32.816
4	0.047826	0.093225	79.974	0.04497	0.995575	0.536971	0.84515	5	257.32027	-33.224
4	0.087764	0.134081	77.489	0.044073	0.991315	0.241041	0.919758	3	1709.68771	-23.444
4	0.073145	0.676997	97.797	0.033065	0.992473	0.359476	0.887243	8	326.16444	-25.09
4	0.14075	0.136869	81.246	0.039863	0.992545	0.3307	0.89313	1	195.57288	-19.676
4	0.091815	0.090496	71.491	0.049723	0.991316	0.218403	0.907489	11	1892.46649	-22.846
4	0.452669	0.07399	150.059	0.047051	0.152339	0.774025	0.530417	1	229.23864	-16.731
4	0.115469	0.095582	139.993	0.042336	0.995075	0.727078	0.965321	1	228.89601	-27.378
4	0.033836	0.102817	140.043	0.048314	0.995796	0.635818	0.951984	0	308.62476	-34.887
4	0.03615	0.132073	160.071	0.045742	0.994723	0.29815	0.89376	0	173.99955	-29.057
4	0.014114	0.096406	72.032	0.077332	0.995796	0.635364	0.968253	0	168.81741	-28.405
4	0.028386	0.116706	70.002	0.058138	0.995724	0.604876	0.939655	0	264.04526	-33.54
4	0.047213	0.137967	85.857	0.04258	0.986751	0.16208	0.887348	9	587.59791	-22.485
4	0.046617	0.096303	71.945	0.037552	0.982888	0.23929	0.088019	2	405.002	-25.091
4	0.28086	0.058823	147.533	0.033478	0.986922	0.344032	0.927197	2	347.73288	-17.639
3	0.732058	0.112596	147.838	0.181415	0.756251	0.667205	0.019312	7	67.99955	-19.671
4	0.072506	0.048543	80.635	0.049813	0.956378	0.522716	0.721074	9	328.29288	-20.912
4	0.139148	0.105979	83.841	0.038877	0.959281	0.376058	0.862917	0	633.14621	-16.407
1	0.099822	0.094101	136.426	0.0376	0.987308	0.154321	0.106646	5	170.31955	-18.616
3	0.191028	0.104997	129.452	0.059694	0.989979	0.36757	0.007981	5	429.21288	-17.72
4	0.151302	0.22709	99.134	0.0732	0.978429	0.338068	5e-06	5	256.34621	-19.276
4	0.251769	0.187587	115.893	0.047843	0.959564	0.575357	0.817272	9	248.20141	-18.225
3	0.166228	0.143047	88.265	0.043101	0.950815	0.357958	0.90365	10	216.69288	-17.487
4	0.054781	0.175143	77.878	0.039752	0.991407	0.287159	0.905826	0	540.69288	-24.818
4	0.062817	0.076767	154.417	0.038356	0.966475	0.324393	0.046354	6	271.66621	-21.426
1	0.019818	0.101413	125.724	0.04759	0.973863	0.245387	0.248764	8	232.06621	-26.731
4	0.195374	0.120584	80.703	0.106148	0.991304	0.326139	0.006287	10	286.33288	-14.868
4	0.073313	0.112588	138.717	0.052042	0.966098	0.522451	0.894437	10	163.06621	-22.537
4	0.260535	0.097943	150.939	0.033828	0.986961	0.370285	0.880745	0	501.37288	-20.931
4	0.284602	0.123514	147.092	0.200683	0.980859	0.514307	0.013922	7	450.19383	-14.562
1	0.215844	0.105885	113.792	0.038097	0.994637	0.441536	0.893777	9	140.14621	-18.161
4	0.197508	0.167339	95.869	0.040041	0.987128	0.278986	0.920535	7	518.28404	-14.734
4	0.185169	0.099372	98.282	0.055668	0.94999	0.206352	0.039357	4	340.93288	-19.208
4	0.027658	0.075653	96.387	0.049511	0.99305	0.361368	0.925549	0	1083.95057	-30.1
4	0.122453	0.295834	130.524	0.035613	0.989744	0.404465	0.768589	7	53.19955	-22.161
4	0.149562	0.596282	133.572	0.374623	0.758578	0.547856	0.0	5	31.86621	-27.566
4	0.300447	0.095368	79.173	0.033441	0.988427	0.224408	0.899819	7	353.35955	-15.428
4	0.095333	0.25682	120.053	0.040571	0.972925	0.34765	0.887503	9	356.62621	-20.675
4	0.08544	0.645642	97.622	0.148278	0.962759	0.417131	0.0	7	308.35955	-23.837
4	0.356151	0.41985	95.164	0.107554	0.965864	0.562937	0.001126	7	71.29288	-21.647
3	0.055513	0.104919	128.627	0.045158	0.857982	0.470446	0.92627	0	138.09288	-18.877
4	0.138288	0.081101	121.794	0.06148	0.991417	0.496334	0.918007	5	80.98621	-21.248
4	0.112932	0.076653	97.877	0.044376	0.960453	0.570854	0.071639	0	246.55955	-20.296
4	0.05727	0.092401	132.407	0.03719	0.993539	0.335589	0.87288	10	563.39955	-21.498
4	0.139513	0.098373	80.209	0.062325	0.922473	0.341604	0.0	2	367.07955	-16.87
3	0.187046	0.099463	80.213	0.04149	0.965802	0.345067	0.000126	0	161.87937	-11.9
4	0.34769	0.140731	65.092	0.059266	0.945981	0.131176	0.925879	10	147.69288	-22.585
4	0.161651	0.451885	129.389	0.041052	0.976477	0.190162	0.865654	2	206.13288	-17.265
4	0.167745	0.365648	84.58	0.065516	0.994736	0.307968	5e-06	2	238.28853	-16.573
4	0.037549	0.108962	101.434	0.033029	0.995796	0.532726	0.928434	5	84.22621	-20.96
4	0.069956	0.099069	138.35	0.040717	0.951929	0.299068	0.173703	3	422.46621	-22.241
4	0.148236	0.104983	87.765	0.031355	0.983117	0.214674	0.031784	7	275.25288	-19.023
3	0.04504	0.129898	78.516	0.053099	0.791273	0.147928	0.402916	10	386.39955	-25.24
4	0.155378	0.135703	124.314	0.040497	0.991992	0.346554	0.930947	2	493.54735	-16.608
4	0.126986	0.179935	95.068	0.034375	0.245171	0.259358	0.831104	7	62.23701	-12.488
4	0.024384	0.095099	137.247	0.04444	0.985269	0.304787	0.132713	7	329.31837	-27.186
4	0.144834	0.084896	139.378	0.03653	0.98869	0.367567	0.88376	0	374.19955	-23.794
3	0.05707	0.101958	126.307	0.039058	0.942033	0.401952	0.943411	9	246.78621	-21.528
4	0.358989	0.044725	98.535	0.039739	0.946898	0.375522	0.002466	7	462.39955	-5.721
4	0.040575	0.076258	183.579	0.066858	0.995651	0.398745	0.942378	3	499.99955	-28.307
3	0.017085	0.099433	147.869	0.043988	0.981168	0.412638	0.829682	2	164.78621	-22.894
4	0.275907	0.113948	62.774	0.094033	0.95728	0.489875	0.0	0	167.75955	-13.67
4	0.065293	0.133016	131.363	0.042611	0.939373	0.301143	0.412615	0	520.13288	-23.531
3	0.144111	0.130562	147.941	0.033924	0.99136	0.390012	0.843183	5	75.43955	-25.625
4	0.170875	0.100725	138.836	0.03704	0.961252	0.447204	0.839692	10	436.61288	-19.361
4	0.226626	0.153441	146.472	0.039524	0.982782	0.391791	0.578732	9	397.73288	-16.889
4	0.152418	0.100095	126.044	0.04265	0.954333	0.594145	0.924284	7	323.27955	-17.512
4	0.279501	0.402721	96.642	0.050047	0.993228	0.234421	0.012415	8	228.64934	-15.699
4	0.010192	0.096878	116.163	0.046591	0.970475	0.260836	0.095238	9	570.13116	-27.925
4	0.159853	0.149154	101.776	0.031765	0.9835	0.318304	0.93651	10	453.41288	-20.265
4	0.361365	0.287704	70.945	0.033441	0.915908	0.154696	0.392957	7	163.17288	-9.502
3	0.027689	0.233525	118.863	0.044082	0.989094	0.326541	0.203542	7	132.99955	-20.119
3	0.134008	0.091462	141.076	0.042877	0.99489	0.467609	0.937485	5	297.2166	-17.941
1	0.368218	0.781315	106.66	0.055783	0.963667	0.556528	0.033848	7	53.13288	-16.89
4	0.135109	0.102356	88.913	0.038889	0.986531	0.45942	0.872637	3	183.23955	-17.161
4	0.013656	0.07726	109.202	0.034986	0.993213	0.379365	0.917501	5	412.38603	-28.767
4	0.241729	0.184899	132.371	0.03917	0.980452	0.313942	0.023855	0	613.33288	-16.095
4	0.078507	0.114855	120.73	0.040898	0.984134	0.301482	0.197436	1	758.39955	-20.551
4	0.32436	0.113105	117.97	0.033558	0.916856	0.683497	0.898493	4	197.45914	-6.84
4	0.158315	0.156753	111.444	0.038659	0.991267	0.308405	0.004502	10	258.99955	-18.155
4	0.11022	0.07361	124.419	0.035894	0.981283	0.355625	0.937161	2	887.34866	-21.361
3	0.019044	0.120748	105.103	0.040897	0.992423	0.335444	0.937211	8	335.19955	-27.076
4	0.160439	0.13357	78.8	0.31488	0.984025	0.480436	0.006361	9	304.61873	-19.423
4	0.031232	0.090818	113.779	0.045376	0.988234	0.356868	0.806592	1	199.93288	-26.206
4	0.192306	0.106635	135.101	0.049516	0.959029	0.38143	0.09992	8	451.39955	-21.861
4	0.046878	0.114351	66.9	0.052415	0.988719	0.526366	0.943489	7	121.62567	-29.523
4	0.006113	0.110664	92.904	0.045981	0.984242	0.334016	0.074065	4	384.53288	-30.983
4	0.063178	0.15082	95.769	0.190264	0.962963	0.460396	0.0	8	150.90621	-24.339
3	0.041915	0.129108	144.076	0.044763	0.985405	0.228194	0.77749	0	361.77288	-22.367
4	0.160294	0.677155	69.458	0.055395	0.975768	0.233262	0.024705	3	310.90621	-20.053
4	0.073128	0.103829	78.767	0.033022	0.93934	0.344098	0.880869	10	232.86621	-22.853
4	0.160898	0.075769	101.3	0.04079	0.990545	0.468997	0.401783	0	243.01288	-18.814
4	0.098131	0.338736	133.113	0.0542	0.986577	0.339169	0.009553	5	171.47955	-21.662
4	0.114165	0.391279	94.766	0.595127	0.95627	0.50824	0.0	7	120.05832	-29.196
4	0.050563	0.240331	124.306	0.049132	0.992659	0.397127	0.879109	3	891.79383	-23.023
3	0.09588	0.1571	127.547	0.053642	0.971627	0.343312	0.000121	7	231.70621	-19.721
4	0.08466	0.166115	69.905	0.051774	0.992051	0.296746	0.713636	7	1666.7424	-22.287
3	0.021804	0.044701	126.121	0.084005	0.933258	0.525112	6e-06	2	322.06621	-27.158
3	0.010805	0.102084	132.346	0.041064	0.757519	0.518764	6.7e-05	11	146.33288	-30.278
5	0.087173	0.39547	83.028	0.0804	0.967862	0.285476	7e-06	5	256.33288	-23.497
4	0.196361	0.101955	64.576	0.349306	0.992149	0.350944	0.007927	7	821.10621	-20.409
4	0.196361	0.101955	64.576	0.349306	0.992149	0.350944	0.007927	7	821.10621	-20.409
4	0.091917	0.202573	68.415	0.035781	0.848927	0.160022	0.915938	11	219.59955	-20.016
4	0.084303	0.125932	79.801	0.035558	0.800312	0.144599	0.835412	8	287.51941	-22.33
5	0.004468	0.067638	64.772	0.079613	0.978479	0.36785	0.898087	10	343.99955	-23.632
4	0.167229	0.184138	106.013	0.040685	0.968818	0.256496	0.172385	7	274.03569	-18.791
3	0.161754	0.266915	71.524	0.037297	0.984133	0.161465	0.885584	5	557.65533	-15.341
4	0.140427	0.645654	90.056	0.042073	0.928385	0.320454	0.147158	9	504.05288	-17.353
4	0.106432	0.197578	173.408	0.045275	0.818738	0.341452	0.022373	2	210.67955	-16.464
4	0.106384	0.102888	112.163	0.043027	0.980436	0.320758	0.911122	0	1525.34159	-22.896
4	0.130265	0.389595	110.842	0.041063	0.859728	0.270572	0.436233	7	1364.5434	-19.186
4	0.136069	0.12266	84.274	0.040289	0.953987	0.25739	0.361536	9	466.11955	-17.308
4	0.29531	0.157367	79.987	0.039652	0.866824	0.193666	0.87114	7	168.66621	-19.055
4	0.150579	0.100577	70.494	0.043012	0.964155	0.134494	0.922486	9	652.70966	-19.263
4	0.103415	0.107364	139.96	0.062033	0.978251	0.547412	0.800892	5	153.73955	-22.922
4	0.122061	0.106562	72.186	0.040351	0.957028	0.141175	0.850062	5	613.04653	-17.216
4	0.007303	0.105465	74.92	0.041152	0.992581	0.251735	0.886982	3	430.26621	-28.736
3	0.022632	0.097443	115.981	0.052395	0.98973	0.284311	0.799698	9	318.43955	-28.293
5	0.04561	0.100656	88.672	0.045709	0.991209	0.318341	0.926327	8	586.4224	-22.3
4	0.049889	0.158388	79.62	0.035018	0.990401	0.287482	0.954033	3	89.10621	-27.856
3	0.05357	0.113018	125.399	0.038353	0.992919	0.381245	0.847542	9	180.39955	-23.5
4	0.033685	0.146209	83.318	0.037375	0.986975	0.204084	0.88296	3	404.37955	-23.175
3	0.252839	0.098611	112.133	0.041363	0.986831	0.321236	0.332965	0	146.71955	-14.262
3	0.0278	0.378869	121.471	0.045845	0.991782	0.296768	0.000263	6	87.35955	-28.766
4	0.051459	0.174089	83.281	0.042272	0.970604	0.174263	0.138717	2	492.83955	-22.549
4	0.013119	0.169176	113.241	0.047634	0.995077	0.494007	0.915769	7	402.63955	-27.551
4	0.178068	0.080675	80.197	0.055805	0.934674	0.310398	0.752097	7	162.41288	-12.201
3	0.178193	0.083514	64.856	0.032663	0.823324	0.063516	0.929274	4	363.10621	-18.011
4	0.057826	0.11499	82.774	0.05685	0.990363	0.386519	2e-06	2	84.35955	-21.118
4	0.106948	0.099831	63.56	0.039777	0.9082	0.124222	0.911161	0	1085.65288	-19.007
4	0.054297	0.178629	79.244	0.035482	0.97932	0.099165	0.974538	5	59.13288	-27.813
4	0.134818	0.318426	97.489	0.037718	0.939848	0.1984	0.466077	11	710.21288	-17.659
3	0.039717	0.123535	86.368	0.041795	0.989452	0.094289	0.857618	5	517.33288	-25.406
3	0.206578	0.186261	63.777	0.050328	0.989648	0.604315	1e-06	7	88.22621	-10.816
3	0.159963	0.121827	174.96	0.060578	0.993582	0.157621	0.045828	0	448.49288	-19.34
4	0.074845	0.108936	65.085	0.046528	0.99324	0.32217	0.919138	9	273.33288	-22.378
4	0.015002	0.120553	202.379	0.045162	0.990034	0.150983	0.67584	7	246.99955	-26.707
3	0.129328	0.115172	151.209	0.0322	0.981177	0.421501	0.893243	2	32.93288	-26.189
4	0.032227	0.047105	103.265	0.062529	0.988571	0.27377	0.0	9	114.53288	-27.08
1	0.232833	0.152114	100.441	0.039392	0.993967	0.343138	0.871085	7	246.62621	-25.331
4	0.0687	0.104407	105.745	0.042033	0.962622	0.315566	0.645605	2	280.26621	-25.586
3	0.119707	0.139196	68.342	0.045765	0.982082	0.135665	0.89993	5	601.69288	-16.284
3	0.02723	0.152779	144.498	0.040041	0.982032	0.359237	0.87605	9	331.75955	-27.913
4	0.073378	0.100327	75.177	0.035313	0.983352	0.194366	0.851256	5	577.13161	-18.553
4	0.17137	0.160796	137.074	0.04944	0.991069	0.379162	0.884965	3	256.20853	-20.256
4	0.292218	0.252552	150.237	0.042202	0.893268	0.294033	0.242572	5	332.35955	-13.721
3	0.092126	0.115665	73.946	0.053716	0.98562	0.443141	0.841832	0	278.73288	-22.023
4	0.004011	0.071396	71.145	0.043176	0.968607	0.126938	0.91175	2	988.07955	-29.122
4	0.072889	0.160634	97.007	0.041113	0.976066	0.231213	0.731383	3	493.06621	-19.513
3	0.029129	0.070934	84.072	0.052603	0.994792	0.377317	0.940242	5	121.33288	-28.271
4	0.055286	0.123951	81.593	0.043593	0.989804	0.32687	0.900707	9	657.66621	-24.258
3	0.029236	0.088306	70.969	0.035379	0.964906	0.167986	0.834541	5	914.46621	-23.429
4	0.046984	0.099693	81.435	0.040035	0.993321	0.250775	0.871351	9	148.76689	-31.099
4	0.185186	0.16762	76.485	0.030938	0.939883	0.186757	0.852573	6	279.11955	-16.135
4	0.185539	0.111789	103.553	0.0523	0.993974	0.566976	0.944695	10	20.9995	-19.7
4	0.475195	0.177278	101.119	0.057251	0.978766	0.642589	0.863747	9	31.92118	-23.541
4	0.025947	0.156482	72.929	0.042683	0.993882	0.101692	0.421189	3	130.99955	-29.88
4	0.069248	0.089965	129.679	0.052261	0.990446	0.229713	0.969119	5	140.99955	-28.7
3	0.043872	0.142584	126.296	0.046759	0.978057	0.212508	0.711706	5	354.26621	-21.893
3	0.019651	0.081882	169.623	0.056957	0.994475	0.349532	0.869098	10	365.34812	-20.732
4	0.301725	0.118595	98.422	0.038949	0.988032	0.381502	0.869962	10	284.81288	-16.555
4	0.041551	0.116487	93.791	0.04115	0.994406	0.391944	0.873962	2	182.45288	-23.698
3	0.041051	0.074726	67.878	0.043312	0.948262	0.083382	0.912397	11	660.59955	-22.486
4	0.076787	0.138994	89.146	0.037191	0.961102	0.130093	0.804717	4	685.82621	-21.237
3	0.058423	0.110937	131.831	0.036568	0.992518	0.305824	0.765261	5	308.57288	-21.474
3	0.097599	0.139813	88.776	0.038313	0.982266	0.112269	0.710666	3	380.33288	-24.106
4	0.134026	0.121155	84.524	0.042512	0.994324	0.323459	0.873003	0	110.41914	-22.67
4	0.086913	0.112595	68.42	0.04985	0.988751	0.436251	0.030541	3	425.99955	-19.567
1	0.033503	0.084049	71.942	0.087659	0.98723	0.356371	0.899089	7	46.18621	-19.365
4	0.107879	0.129531	128.361	0.037069	0.966417	0.363286	0.904969	2	364.70621	-20.554
3	0.044864	0.13297	136.391	0.041617	0.977407	0.153656	0.89132	10	112.74621	-28.564
4	0.090569	0.079385	78.55	0.042827	0.972204	0.247299	0.013213	2	618.14621	-20.356
4	0.073484	0.197211	87.662	0.052705	0.988043	0.163629	2.2e-05	3	192.07955	-22.709
4	0.163498	0.14633	71.47	0.050423	0.988611	0.346153	0.918495	9	560.90621	-21.106
4	0.106309	0.23244	112.04	0.059933	0.983834	0.572063	0.918563	1	306.00952	-18.367
4	0.387696	0.281983	89.038	0.039821	0.96535	0.59291	0.707481	4	33.79955	-23.964
3	0.048515	0.119451	76.498	0.044345	0.991037	0.228209	0.871726	9	267.22621	-25.744
4	0.041472	0.13464	95.909	0.051056	0.992711	0.485957	0.797379	11	69.57288	-25.119
4	0.117097	0.085822	100.435	0.049338	0.993854	0.274451	0.007232	7	267.46621	-18.437
4	0.077984	0.093133	70.999	0.049993	0.990448	0.249542	0.688458	2	1217.58621	-19.168
4	0.003143	0.07367	69.556	0.047513	0.990511	0.162704	0.923098	6	523.01288	-36.256
4	0.09591	0.126257	86.831	0.03514	0.975988	0.254909	0.290414	6	330.81288	-17.74
4	0.070282	0.106684	134.871	0.038573	0.977747	0.249706	0.362998	9	482.46621	-20.47
4	0.12556	0.182052	85.454	0.039535	0.967505	0.193819	0.872508	4	150.99955	-23.008
4	0.342768	0.3796	94.409	0.093609	0.590522	0.37833	0.841113	2	492.82621	-14.01
4	0.125422	0.089035	85.112	0.038794	0.991579	0.39655	0.880695	9	150.63955	-22.314
4	0.265069	0.114853	126.385	0.045005	0.968358	0.667412	0.898649	9	24.16748	-15.809
5	0.053308	0.35238	118.639	0.048614	0.992086	0.632203	0.00044	6	81.75955	-17.071
4	0.086541	0.130687	127.867	0.047337	0.988247	0.415446	0.001038	10	182.02621	-21.136
4	0.002083	0.104156	79.021	0.059307	0.995088	0.260039	0.930475	3	46.55955	-35.471
4	0.33827	0.165975	115.892	0.056916	0.995219	0.27724	0.895277	5	58.42621	-20.24
3	0.009358	0.070951	129.147	0.04193	0.985821	0.299434	0.000132	7	127.66621	-31.611
4	0.054341	0.169481	98.083	0.053143	0.977609	0.423442	0.001215	11	38.42621	-25.222
4	0.04078	0.086109	133.593	0.04055	0.994176	0.467807	0.210397	6	87.26621	-23.992
3	0.001721	0.09127	71.732	0.069012	0.995796	0.529837	0.944326	0	138.59955	-35.859
4	0.052511	0.102261	115.731	0.045526	0.93859	0.286328	0.303343	9	633.17288	-22.872
4	0.012159	0.105643	113.917	0.078093	0.995796	0.512244	0.899312	9	134.63955	-29.501
4	0.133064	0.129856	58.254	0.046555	0.97691	0.401979	0.286919	0	336.33288	-16.769
4	0.288625	0.109241	116.538	0.03964	0.995603	0.602708	0.893954	7	43.98975	-20.551
4	0.199419	0.087885	70.781	0.035406	0.949824	0.243288	0.878098	0	531.33288	-17.149
3	0.034118	0.090491	77.262	0.048359	0.990185	0.100259	0.942324	2	306.98621	-26.637
3	0.050924	0.078846	71.392	0.05296	0.99573	0.339274	0.896974	2	142.01288	-31.69
4	0.121609	0.170769	128.452	0.039789	0.990412	0.211443	0.86462	9	244.27955	-17.824
3	0.145798	0.071868	181.74	0.051869	0.918509	0.165428	0.121132	5	388.95955	-19.459
1	0.025929	0.123238	74.931	0.043957	0.986619	0.077935	0.201338	7	261.86621	-30.11
3	0.188671	0.110427	115.271	0.121027	0.994614	0.776897	0.90992	9	57.31955	-22.663
3	0.084434	0.119241	68.809	0.054263	0.995796	0.304016	0.911942	0	63.77288	-26.369
1	0.211107	0.131646	119.923	0.049274	0.98488	0.356249	0.083894	11	77.41288	-19.114
4	0.2733	0.282653	99.789	0.943028	0.873884	0.673623	0.0	6	171.63955	-26.856
3	0.067317	0.223688	71.106	0.048174	0.990129	0.181713	0.289023	9	228.66621	-22.529
4	0.127096	0.076935	139.312	0.037448	0.946388	0.295004	0.810129	10	613.35955	-18.836
3	0.001584	0.065479	122.451	0.052051	0.948111	0.266171	1e-05	6	132.62621	-42.445
5	0.147226	0.070645	74.904	0.042874	0.957064	0.338383	0.001034	10	244.95955	-15.639
4	0.010019	0.103466	65.511	0.0926	0.99566	0.479564	0.950657	7	66.70621	-38.853
3	0.086955	0.117416	132.049	0.039504	0.995641	0.35979	0.89896	0	67.05288	-27.024
4	0.137098	0.299301	128.977	0.038834	0.986923	0.370034	0.918497	0	355.23955	-21.082
3	0.044208	0.081185	76.826	0.046528	0.990697	0.232574	0.017538	7	265.73288	-26.897
4	0.122942	0.066315	80.308	0.043854	0.97232	0.185772	0.558364	7	204.46621	-20.104
4	0.071343	0.072078	84.349	0.044154	0.989396	0.152856	0.620693	9	201.82621	-22.096
4	0.069756	0.178719	57.905	0.040485	0.971674	0.314228	0.508768	3	86.59955	-32.864
4	0.064797	0.140264	95.196	0.04044	0.916977	0.172911	0.766442	8	283.14322	-24.782
3	0.168555	0.15286	129.933	0.036821	0.984632	0.367985	0.864768	4	614.33238	-16.364
3	0.005834	0.096672	131.333	0.062162	0.99524	0.481665	0.966171	7	40.61995	-37.097
3	0.094678	0.10072	80.372	0.061825	0.987168	0.306792	7e-06	11	117.39955	-20.514
4	0.114272	0.112105	63.547	0.070682	0.992829	0.467976	0.928434	5	227.05288	-19.592
4	0.017395	0.193881	95.3	0.041532	0.980284	0.269057	0.655777	2	293.91955	-25.688
4	0.018701	0.169692	90.794	0.045711	0.993991	0.392035	0.793906	0	176.46621	-28.06
4	0.042761	0.155273	118.844	0.042317	0.967395	0.296675	0.852428	10	355.15955	-23.449
3	0.015765	0.125366	109.776	0.043776	0.991395	0.252759	0.525394	3	176.74621	-24.638
3	0.037182	0.140984	137.38	0.043413	0.991528	0.149964	0.79138	5	185.41288	-27.03
3	0.516139	0.102776	115.584	0.03695	0.974082	0.427375	0.00108	10	202.10621	-4.712
4	0.056049	0.105646	79.29	0.039707	0.993371	0.339265	0.853498	8	1357.23955	-26.285
4	0.023837	0.102288	119.087	0.037302	0.995302	0.329943	0.92126	10	211.78898	-31.598
4	0.169079	0.111268	167.902	0.046712	0.989423	0.317445	2.4e-05	5	180.38857	-14.807
3	0.019275	0.098492	76.214	0.055108	0.992875	0.175319	0.002498	7	207.53333	-28.518
4	0.008759	0.097043	86.206	0.036925	0.992397	0.300833	0.794022	0	144.06667	-26.208
4	0.010987	0.087189	67.527	0.042668	0.994519	0.352793	0.888932	11	223.22621	-24.455
4	0.017331	0.096662	63.546	0.043771	0.993681	0.2391	0.922143	10	209.02621	-31.59
3	0.009445	0.083994	80.481	0.076212	0.987806	0.427076	5.2e-05	7	92.23955	-27.567
3	0.029279	0.126854	69.007	0.042511	0.993572	0.255018	0.000252	7	27.63129	-29.393
4	0.008787	0.10957	68.449	0.05329	0.993961	0.52466	0.887939	4	165.39955	-29.617
4	0.1383	0.291726	95.601	0.036418	0.984646	0.462939	0.908569	5	192.03955	-18.396
4	0.219821	0.738836	128.599	0.081267	0.994958	0.50912	0.917559	5	322.33333	-23.308
3	0.029985	0.074675	131.295	0.057362	0.991779	0.323227	5.2e-05	4	112.21288	-26.37
3	0.048807	0.105027	76.447	0.047595	0.986367	0.157978	0.002818	11	323.85288	-31.032
4	0.238848	0.139815	164.732	0.032996	0.979382	0.133899	0.856001	6	50.97288	-20.93
4	0.144241	0.201421	92.92	0.038228	0.936164	0.457214	0.384678	5	306.27955	-17.619
1	0.056718	0.095307	92.949	0.055574	0.99211	0.331341	0.0	4	128.99955	-17.616
4	0.091007	0.173413	101.208	0.036516	0.994112	0.483407	0.905386	7	224.99955	-22.65
3	0.010748	0.108214	68.759	0.048399	0.975403	0.359435	0.941065	1	129.33288	-33.3
4	0.036045	0.0886	74.724	0.052909	0.994875	0.229788	0.950957	9	187.42621	-29.825
4	0.10535	0.144317	118.416	0.049534	0.993375	0.523185	0.00014	4	169.46621	-13.739
3	0.171108	0.094705	76.801	0.046492	0.971404	0.25425	0.914275	0	777.55955	-17.601
3	0.517243	0.529547	79.365	0.038056	0.985263	0.371835	0.818242	10	24.69365	-6.713
4	0.027164	0.094616	87.734	0.053219	0.976347	0.142689	0.15377	5	222.03955	-28.585
4	0.142537	0.130892	77.515	0.031612	0.992605	0.236797	0.963385	0	90.04363	-25.644
4	0.070967	0.14293	76.248	0.088003	0.990664	0.323153	0.114702	8	137.10621	-26.883
4	0.007605	0.085416	170.906	0.046236	0.994207	0.119085	0.677939	9	226.10621	-29.868
5	0.027915	0.09991	61.921	0.050985	0.994388	0.397248	0.900176	10	135.47955	-30.304
4	0.042301	0.253608	62.845	0.035266	0.989187	0.283076	0.956548	0	566.31533	-22.384
3	0.131169	0.119029	83.104	0.050486	0.959277	0.384664	0.936594	3	446.50222	-20.078
3	0.058043	0.107071	76.364	0.045968	0.995293	0.216202	0.872776	8	286.37288	-23.417
1	0.153765	0.113897	112.75	0.046485	0.98336	0.491663	0.000611	9	74.93288	-20.169
4	0.11381	0.227536	115.963	0.040992	0.994505	0.52962	0.919491	9	66.57415	-26.72
1	0.128716	0.122115	114.106	0.039981	0.988477	0.441911	0.844053	1	174.73288	-22.344
4	0.092778	0.095035	61.594	0.042693	0.989079	0.395794	0.000142	0	211.07955	-20.438
4	0.045766	0.085306	92.872	0.05914	0.991851	0.294037	0.000991	5	142.22621	-24.427
3	0.006814	0.081006	82.348	0.052934	0.993144	0.292877	1.3e-05	8	181.98621	-20.684
4	0.004505	0.096284	71.065	0.208009	0.995024	0.551109	0.964329	2	136.86621	-25.479
4	0.096674	0.065437	95.306	0.054387	0.99435	0.295606	0.905975	5	126.83955	-26.699
4	0.119103	0.093236	107.769	0.032746	0.99024	0.309558	0.894002	2	767.57637	-20.277
4	0.034735	0.101669	69.74	0.055151	0.99068	0.479649	0.831657	1	158.14621	-22.681
4	0.081822	0.102237	69.163	0.118612	0.992496	0.477828	0.881063	7	55.21288	-24.464
4	0.009834	0.106396	67.791	0.044738	0.995006	0.231054	0.797981	9	246.91955	-25.165
4	0.086275	0.146251	124.515	0.040351	0.986373	0.449751	0.849713	2	147.13288	-21.884
3	0.037952	0.101718	67.206	0.078368	0.994609	0.473327	0.921157	0	109.83955	-23.936
4	0.115305	0.110038	74.641	0.030993	0.992665	0.396363	0.000137	0	134.18621	-12.083
4	0.19367	0.107845	145.296	0.041655	0.903116	0.509971	0.911376	0	249.99955	-18.506
4	0.172364	0.065716	142.338	0.035724	0.904795	0.339438	0.808111	0	685.26621	-16.964
4	0.175204	0.045507	80.648	0.044826	0.976776	0.492367	0.864102	10	224.62621	-20.301
3	0.13782	0.099525	136.724	0.047115	0.986124	0.522689	0.720752	9	274.02621	-16.401
4	0.160595	0.156508	171.904	0.042432	0.963974	0.401272	0.601304	10	160.49288	-23.961
4	0.131033	0.198667	131.537	0.039049	0.898897	0.411375	0.634543	0	248.98621	-19.937
4	0.033206	0.072665	149.695	0.042963	0.988797	0.261438	0.446115	4	172.89288	-27.89
4	0.164414	0.067736	144.955	0.040371	0.981126	0.446636	0.486535	10	404.94621	-19.68
4	0.046122	0.153335	128.058	0.044624	0.993663	0.408856	0.952915	0	69.10621	-25.758
3	0.014709	0.057354	79.08	0.052002	0.968301	0.101874	0.038178	9	802.71955	-25.03
5	0.008349	0.128545	72.621	0.05027	0.962107	0.079462	0.125813	11	596.99955	-30.752
4	0.171199	0.110296	96.596	0.036083	0.73059	0.295329	0.384565	2	312.22621	-25.555
1	0.026308	0.172243	87.364	0.043955	0.983113	0.195592	0.65668	3	365.33288	-29.762
4	0.004153	0.126609	115.205	0.039575	0.896479	0.290703	0.014115	6	545.19955	-33.481
4	0.14959	0.171642	110.355	0.042549	0.991871	0.346919	0.00088	7	300.22485	-17.81
4	0.003649	0.123409	104.907	0.050145	0.903245	0.431166	0.0	8	48.62621	-33.952
4	0.200473	0.085163	132.171	0.036367	0.97327	0.401877	0.858586	0	302.1376	-18.052
4	0.180443	0.081426	90.555	0.03662	0.959293	0.457184	0.90557	5	260.79955	-20.313
4	0.028376	0.069853	83.386	0.043815	0.977056	0.316835	0.470217	0	312.43955	-19.63
4	0.007574	0.103351	110.307	0.038536	0.995418	0.220013	0.91488	5	82.99955	-27.744
4	0.02802	0.106591	96.756	0.045693	0.994634	0.334622	0.894731	2	275.99955	-30.591
1	0.023545	0.192436	67.398	0.043451	0.992894	0.317229	0.922786	9	179.59955	-26.041
3	0.004548	0.162339	84.751	0.043224	0.874181	0.211465	6e-06	5	237.58621	-35.707
4	0.044757	0.354904	72.249	0.096927	0.965583	0.652254	1e-06	9	55.43955	-26.8
5	0.107505	0.259949	105.945	0.049112	0.948166	0.424332	7e-06	4	67.70621	-21.194
4	0.388768	0.123935	97.609	0.075501	0.981552	0.368252	0.024648	9	206.94621	-14.769
4	0.060257	0.10047	180.457	0.053209	0.98257	0.209231	0.641477	7	250.26621	-25.316
4	0.209409	0.081471	143.094	0.03646	0.852341	0.508637	0.901708	7	204.99955	-17.784
4	0.169447	0.181201	116.276	0.038496	0.986581	0.301743	0.196761	7	132.25288	-19.88
4	0.016275	0.199511	80.011	0.044663	0.934363	0.212104	0.264597	7	568.99955	-21.665
4	0.18419	0.13981	121.682	0.040406	0.981292	0.325726	0.022284	10	284.35955	-16.594
3	0.105619	0.268371	165.917	0.047407	0.948974	0.432005	0.807076	2	242.61288	-18.322
4	0.059013	0.082688	97.327	0.043645	0.976079	0.421023	0.757913	9	479.13288	-22.677
3	0.074875	0.482095	145.374	0.039266	0.983171	0.438386	0.49514	4	219.90621	-20.687
3	0.028961	0.161829	133.924	0.041286	0.983922	0.373569	0.709133	2	153.74621	-20.072
4	0.1657	0.3183	136.538	0.035161	0.98988	0.340071	0.906407	10	365.93288	-18.142
3	0.077416	0.117459	64.632	0.067275	0.992777	0.304772	0.914949	0	421.30621	-20.339
4	0.093735	0.473996	172.685	0.029057	0.96924	0.305306	0.998493	1	33.99955	-34.688
4	0.034954	0.126492	64.856	0.039166	0.992145	0.45205	0.035939	2	303.86621	-19.788
3	0.065179	0.066349	140.538	0.048703	0.976795	0.506869	0.590587	3	201.75955	-18.161
4	0.052656	0.057331	111.598	0.037453	0.986609	0.380566	0.930354	7	532.02621	-26.439
4	0.24326	0.714873	82.738	0.066509	0.89904	0.404407	0.057889	2	298.50621	-21.876
3	0.108768	0.123954	84.143	0.044464	0.978237	0.284191	0.114819	5	393.63955	-17.987
4	0.138714	0.317174	108.675	0.035909	0.982767	0.472751	0.752032	7	271.43955	-21.816
4	0.227098	0.298565	71.001	0.043492	0.949436	0.529603	0.872902	5	220.47955	-13.168
4	0.081237	0.085411	136.322	0.04402	0.989067	0.343781	0.506372	3	423.63955	-21.742
3	0.245395	0.100641	115.003	0.039121	0.982579	0.557535	0.864761	4	206.05342	-23.165
4	0.328501	0.076124	78.246	0.036244	0.551997	0.552072	0.832528	2	262.31955	-19.369
4	0.156711	0.157209	118.153	0.048087	0.975227	0.351688	0.856185	2	920.76349	-17.472
3	0.050727	0.095651	77.668	0.048211	0.992327	0.317911	0.901598	5	310.95955	-27.981
3	0.103432	0.160544	104.127	0.037213	0.973037	0.392522	0.020446	0	183.50621	-24.215
4	0.112626	0.209511	93.943	0.040971	0.989922	0.213647	0.067124	3	254.05288	-18.861
4	0.010634	0.098759	118.362	0.042788	0.971073	0.361854	0.075986	1	593.95955	-29.43
4	0.134596	0.113184	81.566	0.035485	0.949141	0.56362	0.765297	7	480.07955	-27.444
4	0.109087	0.120615	119.278	0.089854	0.993774	0.608129	0.832591	7	81.02621	-22.87
4	0.051333	0.109614	89.96	0.040385	0.979944	0.226026	0.804515	9	362.95955	-21.953
4	0.087969	0.096684	131.476	0.042887	0.765973	0.305742	0.55277	7	492.98621	-18.171
4	0.024954	0.118545	79.949	0.049065	0.980406	0.275095	0.127077	3	400.83701	-23.365
3	0.367987	0.205051	68.509	0.041976	0.985382	0.120823	0.275027	0	100.66621	-14.74
3	0.076289	0.107463	97.565	0.048272	0.942337	0.405253	0.643897	3	191.75955	-19.51
4	0.163351	0.104147	128.835	0.038409	0.978305	0.34104	0.812374	3	392.0039	-17.421
3	0.007447	0.250733	76.256	0.064566	0.944231	0.433852	0.0	7	64.86621	-29.81
4	0.088314	0.275427	78.6	0.045329	0.989694	0.273602	0.75406	4	1115.32363	-21.026
4	0.421309	0.119353	157.935	0.034487	0.936469	0.36838	0.923922	0	252.77288	-18.126
4	0.057175	0.718395	81.497	0.075283	0.95774	0.344185	0.001047	9	51.51955	-27.641
4	0.006	0.14044	72.854	0.044438	0.966068	0.123569	0.125916	5	642.13288	-27.056
4	0.12004	0.099487	136.812	0.046715	0.959508	0.445054	0.588627	2	444.13288	-16.198
3	0.047377	0.097126	159.13	0.046286	0.987813	0.462326	0.133792	2	190.79955	-19.667
4	0.231797	0.293883	130.899	0.035087	0.925864	0.494351	0.872209	0	489.19955	-18.532
3	0.121045	0.043494	91.102	0.041366	0.991113	0.348647	0.888568	0	606.24934	-18.765
4	0.09733	0.065847	129.808	0.03873	0.977765	0.50797	0.656137	5	258.86621	-19.185
4	0.170989	0.138636	126.165	0.035789	0.975408	0.504845	0.000405	2	198.87955	-17.783
3	0.13101	0.094793	134.908	0.047932	0.947025	0.435532	0.375704	2	467.99955	-17.68
3	0.058751	0.151512	70.17	0.045355	0.99534	0.38705	0.866822	9	89.94621	-23.072
3	0.017134	0.203684	131.646	0.037268	0.975208	0.399305	0.432481	3	264.33288	-23.399
4	0.068472	0.067214	115.649	0.04282	0.990829	0.371729	0.926674	10	865.85288	-25.039
4	0.116414	0.156344	117.627	0.041745	0.98419	0.518877	0.461295	9	293.22621	-19.273
4	0.05471	0.214849	136.635	0.043666	0.986227	0.240358	0.772201	3	516.39955	-21.811
4	0.167744	0.078038	166.076	0.076045	0.984809	0.511068	0.819138	2	224.99955	-17.304
3	0.327499	0.215851	71.486	0.038058	0.96105	0.234385	0.93398	10	358.22621	-21.899
4	0.34951	0.300844	136.313	0.03501	0.893604	0.357296	0.85366	9	43.69288	-24.54
4	0.159084	0.095754	122.414	0.037646	0.981658	0.310349	0.229222	10	528.19955	-18.346
4	0.106735	0.184721	127.693	0.04091	0.987107	0.457875	0.815924	4	326.25288	-21.708
1	0.021917	0.146032	103.559	0.13746	0.925818	0.562135	0.0	5	32.07955	-23.206
4	0.04554	0.262242	113.192	0.041247	0.991614	0.436776	0.769427	10	439.38517	-21.585
3	0.224542	0.138233	153.683	0.064148	0.995196	0.374064	0.913721	4	347.77692	-19.493
4	0.07928	0.069277	80.284	0.036227	0.984726	0.422574	0.863749	5	428.57288	-25.358
4	0.02885	0.07129	144.823	0.037132	0.969069	0.342293	0.826832	0	209.99955	-32.637
4	0.126174	0.071806	68.815	0.045703	0.990363	0.233269	0.901626	7	731.95057	-17.904
4	0.148685	0.082285	164.467	0.048383	0.990182	0.370552	0.834994	3	346.43955	-21.523
4	0.046569	0.15161	110.339	0.045526	0.958866	0.224639	0.019797	0	257.06621	-24.675
3	0.023158	0.137097	141.728	0.040127	0.95936	0.416738	0.36722	2	336.87465	-22.107
3	0.061332	0.092511	80.069	0.029427	0.988885	0.445723	0.931111	3	344.71138	-19.526
3	0.099607	0.085691	209.313	0.065715	0.991622	0.422343	0.911243	10	121.75955	-20.608
3	0.01996	0.092244	168.574	0.039997	0.98876	0.313682	0.255706	0	284.33288	-22.274
4	0.262903	0.197549	84.321	0.038572	0.994441	0.417895	0.612823	6	43.10621	-16.77
3	0.033462	0.114106	136.19	0.041899	0.99282	0.330343	0.916167	3	240.37832	-31.085
3	0.055426	0.106485	104.663	0.031586	0.985273	0.388347	0.915873	7	306.98621	-27.437
4	0.488739	0.114631	130.73	0.039893	0.993467	0.425809	0.94471	9	93.78621	-19.687
3	0.101812	0.157132	132.452	0.053879	0.966339	0.350357	0.002251	11	323.01288	-23.826
4	0.145257	0.092727	126.386	0.039921	0.990003	0.253434	0.487077	7	744.66621	-20.821
4	0.192856	0.091427	75.615	0.036851	0.967009	0.229504	0.912948	10	663.82621	-19.413
1	0.208224	0.633104	92.649	0.044834	0.983538	0.321168	0.010342	6	67.93288	-16.826
4	0.006536	0.079313	68.937	0.06382	0.995796	0.338404	0.930612	11	110.37288	-37.233
4	0.082906	0.065838	65.921	0.041632	0.945578	0.123232	0.889356	5	711.98621	-20.07
4	0.022324	0.102755	133.551	0.043407	0.994528	0.391919	0.904099	3	542.57288	-26.503
4	0.091337	0.077677	152.578	0.04433	0.899652	0.327898	0.510282	0	765.23955	-21.274
3	0.029894	0.137478	67.244	0.037321	0.975834	0.145093	0.798409	0	107.03955	-17.207
4	0.168819	0.14294	69.775	0.034334	0.927844	0.096664	0.873013	0	206.27955	-15.498
4	0.248302	0.117824	137.948	0.034504	0.938717	0.413201	0.55708	4	355.70621	-14.056
5	0.006057	0.101474	66.4	0.043306	0.995265	0.228744	0.933496	8	218.45288	-33.68
4	0.174824	0.123056	99.047	0.038502	0.959982	0.346462	0.881303	0	629.99955	-21.118
4	0.005095	0.093554	75.405	0.07886	0.995796	0.428937	0.935528	5	140.99955	-31.927
4	0.147551	0.073222	85.414	0.040191	0.995126	0.205521	0.378178	2	92.33288	-23.175
4	0.172419	0.16304	78.749	0.032007	0.992079	0.281016	0.076355	7	104.31955	-18.227
4	0.010459	0.094331	106.717	0.04861	0.992196	0.207536	0.89581	5	133.99955	-34.163
3	0.025953	0.110367	145.084	0.037544	0.959881	0.209993	0.891763	10	415.79955	-25.574
1	0.06743	0.227084	89.985	0.047103	0.943731	0.364859	0.141952	9	291.99955	-32.687
3	0.085805	0.089476	109.785	0.041047	0.987397	0.272343	0.924659	6	158.47955	-21.933
1	0.150122	0.14838	172.618	0.055408	0.962564	0.209709	0.009332	7	354.03955	-21.829
4	0.138089	0.171021	81.521	0.043405	0.96461	0.388012	1e-06	8	253.33288	-19.578
4	0.456943	0.092544	157.303	0.044155	0.963335	0.507814	0.696099	8	169.39769	-9.579
4	0.081453	0.104963	106.684	0.036973	0.974258	0.163735	0.905943	7	117.53288	-26.18
4	0.038864	0.089961	141.388	0.035503	0.882552	0.307836	0.087322	7	272.50621	-37.313
4	0.221584	0.110197	88.914	0.047769	0.986589	0.246943	2.1e-05	10	302.22621	-18.56
5	0.002123	0.11115	130.344	0.054833	0.762346	0.159164	0.734343	2	205.69288	-37.855
4	0.027755	0.115576	68.592	0.044662	0.945069	0.063775	0.962322	2	622.06621	-19.932
4	0.200728	0.113439	119.811	0.040261	0.976508	0.562637	0.60165	4	176.87029	-14.558
4	0.077552	0.072067	80.075	0.034079	0.995075	0.283138	0.895506	4	212.47955	-22.392
4	0.112104	0.118262	132.341	0.037119	0.988413	0.390656	0.851539	9	656.46621	-20.468
4	0.155365	0.076285	75.499	0.02943	0.938537	0.232314	0.812893	2	551.46621	-17.094
4	0.194597	0.144029	146.016	0.033313	0.977702	0.454062	0.786855	7	227.26621	-23.876
4	0.027544	0.09825	108.725	0.051908	0.993455	0.461573	0.006519	4	155.83955	-27.668
4	0.106899	0.232482	143.988	0.03334	0.979216	0.310226	0.895728	4	519.26621	-25.02
4	0.044209	0.114877	139.247	0.04154	0.891769	0.144728	0.96317	9	201.82621	-27.425
4	0.171006	0.169679	87.053	0.036041	0.989908	0.318741	0.919474	11	664.45288	-20.018
4	0.086154	0.107051	64.144	0.040979	0.995525	0.427381	0.882506	10	125.59955	-26.625
4	0.087129	0.091506	87.437	0.036871	0.98749	0.28934	0.911275	2	1336.29342	-22.93
4	0.000645	0.110669	63.052	0.043084	0.945941	0.189926	0.931821	7	170.79955	-37.488
4	0.081634	0.173564	71.878	0.175663	0.99174	0.53583	0.956037	2	60.25288	-23.765
5	0.036408	0.096808	57.015	0.043891	0.979919	0.247787	1.3e-05	3	92.10621	-28.754
4	0.256154	0.769352	64.199	0.520147	0.84234	0.553317	1e-06	2	133.93288	-13.595
4	0.324962	0.386518	84.978	0.048646	0.936358	0.386298	0.734851	4	375.54712	-15.549
4	0.262996	0.749287	82.805	0.162038	0.956297	0.419159	0.881821	4	401.39955	-16.647
1	0.130855	0.332522	110.02	0.929426	0.692232	0.682233	0.0	11	496.50621	-24.012
3	0.098795	0.12061	64.652	0.039895	0.768903	0.06226	0.92381	2	499.54621	-22.853
4	0.23134	0.110704	84.278	0.042382	0.92583	0.322665	0.709581	5	354.99955	-13.089
3	0.015761	0.078158	178.421	0.036781	0.995602	0.326909	0.88817	9	133.18621	-31.577
3	0.085621	0.18039	94.975	0.052029	0.981975	0.170607	0.000221	3	209.51955	-26.439
5	0.109141	0.083086	171.393	0.043912	0.994323	0.147089	0.000197	2	242.98621	-23.234
4	0.022752	0.067397	137.832	0.042774	0.99341	0.341413	0.919229	7	361.99955	-30.948
4	0.004919	0.094391	72.177	0.036036	0.99409	0.246535	0.918764	11	467.83955	-35.075
4	0.101238	0.110905	68.087	0.039249	0.984353	0.313374	0.934399	2	635.71546	-21.259
4	0.059591	0.14884	88.334	0.07457	0.976652	0.407696	0.0	9	65.33288	-22.396
4	0.127803	0.216474	79.948	0.045185	0.969836	0.352691	0.8408	3	1987.26485	-22.15
3	0.031955	0.328289	125.207	0.041204	0.973849	0.193052	0.847064	4	388.26621	-25.861
4	0.24272	0.081423	97.368	0.040216	0.945651	0.730561	0.928173	5	181.63955	-16.977
4	0.29075	0.163685	131.238	0.038211	0.986728	0.458407	0.873624	11	99.75279	-14.647
4	0.021351	0.199931	153.507	0.040815	0.923982	0.396694	0.028021	0	79.99955	-33.742
4	0.279937	0.055637	96.954	0.03731	0.943104	0.301555	0.892635	0	546.99955	-17.31
4	0.001769	0.09622	63.824	0.044122	0.910406	0.143499	0.89983	0	283.80844	-30.865
4	0.232388	0.131362	123.935	0.048017	0.942876	0.462962	0.772132	0	237.57288	-21.695
4	0.140215	0.097746	135.632	0.035838	0.904754	0.409985	0.793157	9	370.09288	-20.892
3	0.048716	0.08887	76.426	0.041339	0.995146	0.255083	0.921171	3	238.65288	-24.559
4	0.152053	0.25225	82.153	0.049196	0.933746	0.507264	0.307237	4	263.99955	-26.389
4	0.107161	0.120033	80.48	0.042829	0.946843	0.258748	0.84455	3	582.95955	-22.199
4	0.092914	0.074787	72.33	0.036327	0.994424	0.204837	0.901153	7	141.45288	-23.083
4	0.065327	0.106022	86.437	0.042561	0.958389	0.181496	0.762801	9	577.94621	-23.864
4	0.002283	0.158181	65.102	0.042168	0.364859	0.206574	0.854049	5	177.83955	-36.669
4	0.034268	0.160202	52.559	0.043282	0.982109	0.089576	0.823849	9	588.59955	-23.349
4	0.175074	0.072439	111.537	0.036685	0.967406	0.35761	0.869038	9	587.29288	-16.455
3	0.018981	0.123135	66.1	0.054927	0.934196	0.245613	0.0	0	77.39955	-33.128
4	0.118187	0.092534	83.853	0.036385	0.990784	0.34466	0.914544	4	422.15955	-23.927
4	0.056224	0.098164	75.905	0.036984	0.995035	0.196867	0.926717	8	817.6322	-26.987
4	0.122876	0.094744	86.665	0.037348	0.988421	0.318073	0.851908	10	396.46621	-21.871
4	0.056721	0.094712	80.137	0.047255	0.98992	0.221082	0.722121	4	409.25995	-21.719
4	0.108153	0.071557	66.192	0.039893	0.991599	0.259849	0.887902	2	534.23955	-19.075
4	0.035854	0.132188	125.486	0.048179	0.948004	0.424275	0.123717	11	310.03955	-22.877
4	0.670262	0.075545	135.746	0.025942	0.80627	0.649517	0.691851	8	177.77288	-9.151
3	0.116765	0.382151	67.613	0.042358	0.96876	0.110584	0.877346	9	367.68993	-21.462
3	0.234408	0.123605	113.094	0.036515	0.975412	0.516383	0.762996	7	309.0166	-23.024
4	0.184622	0.129546	71.078	0.035461	0.968656	0.134214	0.856301	10	717.54259	-20.015
4	0.182062	0.15309	62.468	0.030945	0.983801	0.264772	0.009329	2	160.15955	-14.079
4	0.173201	0.418327	139.606	0.036574	0.532299	0.142511	0.925091	2	302.25288	-18.449
4	0.096242	0.161869	79.85	0.043575	0.908354	0.117415	0.890449	9	418.00404	-19.743
4	0.025453	0.11081	65.296	0.044812	0.984785	0.145053	0.901512	4	478.39955	-27.3
4	0.171815	0.079785	72.025	0.054678	0.949171	0.250398	0.683121	11	361.24957	-19.018
4	0.165206	0.128311	119.767	0.035072	0.991472	0.43585	0.888716	2	206.99955	-24.473
4	0.235239	0.087736	117.58	0.045407	0.97396	0.204631	0.199331	9	221.97288	-18.771
4	0.018934	0.058358	108.841	0.04301	0.993569	0.336949	0.855004	2	142.99955	-32.596
4	0.011922	0.091544	66.097	0.054401	0.995643	0.26898	0.897124	2	209.99955	-35.491
