4	0.297296	0.195604	122.942	0.035579	0.776949	0.832919	0.0	5	191.55955	-13.409
4	0.401157	0.100216	76.505	0.026894	0.749411	0.394976	0.00565	6	244.36054	-6.874
4	0.449821	0.977107	145.479	0.026063	0.372092	0.399978	5e-06	8	181.40662	-6.989
4	0.484226	0.134843	88.769	0.024393	0.724274	0.541285	7e-06	2	227.63057	-12.051
4	0.478383	0.223428	95.926	0.02471	0.124119	0.664069	0.000342	4	178.58621	-8.974
4	0.722387	0.105223	127.867	0.036194	0.264515	0.740503	0.0	7	203.17288	-5.348
4	0.762287	0.265479	132.004	0.028895	0.396633	0.753073	0.0	11	170.98621	-7.621
4	0.428358	0.116388	73.013	0.025977	0.467334	0.601216	0.0	9	225.62621	-8.85
4	0.60841	0.097969	119.927	0.027571	0.192061	0.606488	0.0	7	230.33288	-7.109
4	0.576169	0.120153	90.912	0.059885	0.143687	0.677912	0.0	2	169.29333	-8.813
4	0.480496	0.061089	77.851	0.03638	0.188909	0.472832	0.0	7	228.23955	-6.382
4	0.877011	0.163839	134.71	0.027753	0.184348	0.68913	0.0	2	179.81497	-4.437
4	0.842041	0.27075	165.471	0.038208	0.161296	0.561057	0.000541	4	220.19955	-9.378
4	0.705527	0.219336	178.092	0.032561	0.375183	0.544514	2e-06	6	199.18322	-6.987
4	0.634866	0.110164	112.5	0.02888	0.108506	0.692305	6.2e-05	7	216.57288	-10.225
4	0.540563	0.1751	142.904	0.025791	0.245822	0.596453	1e-06	0	218.70621	-7.079
4	0.701406	0.933244	113.42	0.03807	0.071582	0.525398	4e-06	0	286.65288	-5.039
4	0.483146	0.130143	78.859	0.050242	0.291716	0.353595	0.017129	7	386.02621	-9.798
4	0.618297	0.377238	81.043	0.031585	0.495263	0.395967	0.00226	6	291.07202	-7.748
4	0.77361	0.116305	119.969	0.028537	0.046637	0.694519	2e-06	1	222.37288	-7.186
4	0.758415	0.946323	143.963	0.0284	0.554862	0.63853	4.5e-05	7	210.57098	-8.867
4	0.664754	0.070787	100.086	0.050075	0.025851	0.630714	0.000836	1	226.72803	-9.968
4	0.481167	0.360979	130.662	0.02947	0.46468	0.597971	7e-06	7	171.65288	-7.467
4	0.509842	0.270353	76.505	0.033011	0.505776	0.642756	0.0	9	220.14621	-9.152
4	0.538802	0.171711	172.951	0.025747	0.413192	0.439699	0.0	6	199.92925	-7.114
4	0.794309	0.398079	162.87	0.03965	0.121077	0.563491	0.0	4	157.8488	-7.502
4	0.09463	0.116131	94.504	0.029777	0.805298	0.627228	0.0	7	261.19955	-20.27
4	0.907855	0.074636	92.228	0.032553	0.079749	0.597532	0.0	2	221.41288	-4.154
4	0.14386	0.154726	124.966	0.033184	0.922569	0.607117	7e-06	10	262.29288	-10.719
4	0.769916	0.55177	98.91	0.042865	0.076582	0.668086	0.0	0	306.02621	-5.452
4	0.174503	0.950606	70.328	0.049042	0.84539	0.260565	2e-06	4	216.34567	-17.629
4	0.565269	0.821405	124.873	0.039996	0.304623	0.70018	0.0	2	180.21601	-16.631
4	0.529678	0.041489	189.072	0.030011	0.376702	0.49389	0.0	9	245.79955	-10.392
4	0.514441	0.293153	90.889	0.049533	0.578397	0.636227	0.0	7	230.27156	-12.775
4	0.468944	0.087943	114.96	0.030154	0.276676	0.529929	0.000256	11	260.53288	-11.854
4	0.874853	0.151374	129.635	0.034061	0.136425	0.580247	0.0	4	245.02621	-5.106
4	0.86382	0.938615	118.326	0.06543	0.21545	0.513736	0.0	9	192.36	-5.705
4	0.432787	0.113842	72.96	0.025931	0.463337	0.54457	0.0	4	224.36526	-9.412
4	0.693723	0.821616	169.694	0.095059	0.510314	0.442473	0.0	4	248.55955	-11.903
4	0.429505	0.363353	72.56	0.093425	0.665787	0.577848	0.0	2	218.35202	-14.559
4	0.277508	0.129539	95.618	0.030851	0.763993	0.486864	2e-06	2	202.05669	-14.849
4	0.803453	0.117865	116.949	0.026893	0.025989	0.742563	2.5e-05	4	220.13288	-6.714
4	0.175451	0.175856	135.175	0.036559	0.843529	0.407668	2e-06	10	216.35156	-18.163
4	0.937448	0.253474	158.981	0.038505	0.290778	0.500581	0.0	2	186.29288	-3.355
5	0.52029	0.099887	105.971	0.034794	0.497284	0.653881	0.0	7	172.90404	-10.913
4	0.39144	0.112	125.049	0.028532	0.51148	0.54482	0.0	3	236.10621	-9.276
4	0.215048	0.12252	125.643	0.032566	0.683201	0.470916	5.7e-05	7	260.8322	-9.982
4	0.533718	0.323351	128.024	0.045149	0.25664	0.379626	7e-06	7	246.83955	-12.237
4	0.468468	0.125213	78.021	0.023563	0.298867	0.521191	0.000454	2	261.51138	-7.488
4	0.857718	0.08674	179.942	0.042563	0.19368	0.544877	1e-06	1	172.90621	-5.098
4	0.837377	0.120041	141.415	0.036215	0.391082	0.777289	0.0	5	159.05914	-7.257
4	0.409886	0.145664	137.735	0.029144	0.513315	0.588154	1e-06	2	230.66077	-8.895
4	0.438103	0.11194	129.155	0.032729	0.262433	0.681107	0.001412	0	203.66621	-12.951
3	0.20048	0.07394	103.338	0.039707	0.76703	0.632701	2.5e-05	1	244.69288	-12.661
4	0.810326	0.376204	138.415	0.038519	0.347842	0.760038	0.0	9	146.37288	-3.683
4	0.413115	0.148042	117.192	0.029273	0.690915	0.532755	8e-06	4	175.28118	-12.22
4	0.570651	0.219663	110.432	0.032352	0.145849	0.76577	3e-05	0	181.13288	-11.24
4	0.600868	0.123595	145.605	0.029584	0.596848	0.602565	2e-06	9	242.09288	-10.245
4	0.841001	0.200874	115.922	0.036075	0.039999	0.648834	0.005165	7	192.35955	-6.194
4	0.368658	0.12819	89.289	0.028179	0.886758	0.358421	0.446031	6	187.08853	-13.619
4	0.538259	0.157888	130.981	0.030531	0.175969	0.773996	8.7e-05	4	166.11955	-11.423
4	0.491198	0.126063	100.817	0.026777	0.035435	0.639021	1.6e-05	0	190.02884	-9.955
4	0.672741	0.195448	145.368	0.024821	0.218163	0.599851	2e-06	2	202.81288	-8.821
4	0.54406	0.088448	110.987	0.025138	0.472996	0.769273	0.0	9	246.19955	-5.933
4	0.504172	0.100151	139.999	0.025585	0.12721	0.549903	5.5e-05	4	243.27955	-7.06
4	0.470485	0.302153	124.931	0.037314	0.6911	0.625934	1e-06	4	199.63955	-13.193
4	0.917191	0.362968	117.44	0.032685	0.005314	0.667229	0.000347	5	260.29288	-6.601
4	0.886892	0.56219	151.807	0.06614	0.127864	0.681446	2e-06	7	164.16463	-4.639
4	0.777563	0.104008	128.798	0.031077	0.216068	0.646778	1.7e-05	9	207.43955	-8.457
4	0.905216	0.95408	159.686	0.060496	0.000942	0.456259	0.001646	7	243.47955	-6.731
4	0.217461	0.110794	115.392	0.028805	0.759061	0.71855	2e-05	11	259.15955	-11.988
4	0.540149	0.2908	137.22	0.028651	0.127719	0.508982	1e-06	7	248.99955	-7.216
3	0.321735	0.1186	184.267	0.038694	0.849292	0.343964	2.4e-05	1	169.22621	-13.613
3	0.266137	0.177277	89.568	0.027794	0.615491	0.642682	1.4e-05	5	177.3971	-10.532
4	0.572614	0.042655	136.101	0.031288	0.37924	0.582916	0.003449	8	261.34621	-10.978
4	0.676933	0.047498	116.306	0.027804	0.387512	0.739134	0.0	5	172.67955	-6.39
4	0.598617	0.581685	85.872	0.034582	0.106426	0.411449	0.000401	5	181.31546	-15.521
4	0.192924	0.091903	89.936	0.02535	0.567583	0.661301	1e-06	5	228.82621	-17.406
4	0.728082	0.114826	146.014	0.064526	0.330551	0.672987	1e-06	7	173.97601	-12.81
4	0.801598	0.330743	176.214	0.036767	0.316485	0.535441	0.0	2	190.75955	-11.844
4	0.737086	0.328172	135.819	0.029362	0.18504	0.682888	0.0	11	166.99955	-6.086
3	0.533645	0.79541	127.01	0.035845	0.30428	0.25503	0.000576	5	357.02957	-9.187
4	0.463161	0.088923	134.37	0.034592	0.221186	0.755434	0.000187	8	175.15057	-17.361
4	0.77752	0.109163	139.63	0.036154	0.562999	0.624514	0.0	2	202.01288	-7.269
4	0.404986	0.71857	121.562	0.034254	0.786032	0.381866	8e-06	9	246.23955	-9.79
4	0.21457	0.215794	142.54	0.03087	0.906408	0.379818	0.601965	2	222.01424	-18.298
4	0.219176	0.079341	120.567	0.031304	0.106251	0.714852	0.046622	7	216.99873	-20.087
4	0.402625	0.163874	126.49	0.055139	0.062411	0.729116	0.0	4	240.39955	-16.205
1	0.569548	0.108631	178.305	0.065642	0.863526	0.458049	0.93654	7	139.78077	-11.431
4	0.79786	0.193796	186.782	0.042526	0.190791	0.399486	0.0	11	194.30621	-5.553
4	0.456377	0.116975	102.263	0.023785	0.290174	0.677274	0.0	0	249.35955	-8.698
3	0.391546	0.041741	122.411	0.026756	0.332154	0.55382	0.0	1	293.99955	-8.658
4	0.65453	0.258283	163.859	0.035815	0.11667	0.584906	0.0	7	195.91955	-6.704
4	0.771418	0.985938	115.636	0.031276	0.075008	0.656715	1.6e-05	6	161.06599	-6.939
5	0.350836	0.08384	110.408	0.026975	0.783873	0.666905	0.628285	9	194.37288	-13.624
3	0.270776	0.082996	114.38	0.028575	0.524127	0.635903	4e-06	9	177.15955	-14.595
5	0.603734	0.284145	77.586	0.029842	0.66363	0.461819	1.3e-05	0	206.17288	-7.623
4	0.772211	0.145911	146.521	0.026457	0.395805	0.589523	0.0	5	178.93288	-8.025
4	0.380686	0.237966	126.007	0.032639	0.924279	0.697965	0.010254	4	204.77342	-17.087
4	0.846432	0.332281	115.623	0.034971	0.132687	0.759376	1e-06	2	150.67955	-7.418
4	0.491362	0.148055	109.684	0.032456	0.117434	0.692913	2.9e-05	6	164.43955	-11.313
4	0.449398	0.100583	102.705	0.039127	0.822784	0.875555	0.003241	4	189.67465	-17.249
4	0.470994	0.126151	75.909	0.02582	0.184324	0.497336	9e-06	1	285.25669	-8.881
4	0.42695	0.311506	112.941	0.029155	0.529857	0.556444	0.000215	1	130.74957	-12.533
4	0.490484	0.079555	99.636	0.032993	0.687566	0.754202	1e-06	5	171.53288	-11.425
4	0.388709	0.305097	72.948	0.028598	0.146487	0.489931	4e-06	9	282.98404	-10.074
4	0.433168	0.106532	118.033	0.027147	0.51009	0.619415	1.1e-05	8	222.74621	-8.014
4	0.511499	0.114944	88.027	0.034585	0.394228	0.756555	2e-06	7	273.73288	-11.065
4	0.60774	0.078876	126.896	0.026611	0.430419	0.706064	0.0	7	240.69288	-12.913
4	0.259955	0.274236	89.134	0.026926	0.903934	0.493272	0.000256	10	186.95955	-11.458
4	0.416796	0.936463	99.665	0.030931	0.727466	0.413956	0.0	2	233.13288	-9.205
4	0.555011	0.146253	97.238	0.030937	0.342889	0.605398	0.010731	0	178.33288	-13.387
4	0.763385	0.147625	110.259	0.042931	0.095781	0.917208	0.0	5	151.73333	-6.627
4	0.533223	0.036141	111.498	0.035021	0.080925	0.71192	5e-06	5	200.66621	-12.575
4	0.758141	0.143646	170.871	0.030051	0.648269	0.494171	0.0	7	172.15955	-6.782
4	0.662099	0.385283	122.13	0.061211	0.315381	0.56665	0.0	2	245.99175	-8.559
4	0.751174	0.017833	144.215	0.031968	0.312939	0.608995	0.0	2	211.69587	-8.075
4	0.861374	0.129577	189.243	0.03418	0.463848	0.443185	0.0	5	151.03955	-8.095
4	0.614291	0.226614	182.376	0.038238	0.06188	0.486622	0.0	8	210.30621	-8.42
3	0.303065	0.144649	117.879	0.03889	0.89666	0.698557	0.001497	7	244.98621	-14.58
4	0.61078	0.24299	131.419	0.045549	0.124793	0.680043	0.0	5	191.70621	-10.883
3	0.601644	0.331372	158.024	0.055207	0.504719	0.762711	2e-06	11	141.59955	-7.522
4	0.606634	0.549308	182.068	0.080875	0.873938	0.240454	0.161058	0	280.55465	-18.459
4	0.515605	0.145254	107.465	0.029776	0.192551	0.640943	0.0	9	183.59955	-10.874
4	0.537977	0.11318	70.009	0.024691	0.465449	0.596251	0.0	1	243.15955	-5.471
4	0.361552	0.114968	106.76	0.025373	0.746133	0.635714	0.0	1	309.78621	-7.772
4	0.942356	0.926353	91.754	0.083087	0.061103	0.43803	2e-06	11	218.02621	-3.389
4	0.860405	0.924673	102.335	0.224579	0.052255	0.57725	5e-06	9	193.73288	-8.175
4	0.535715	0.068904	139.711	0.027183	0.040495	0.555197	0.0	9	239.35955	-5.789
4	0.650429	0.125779	107.877	0.031939	0.320504	0.410661	1e-06	0	192.55955	-6.379
3	0.493408	0.092691	119.956	0.027888	0.976422	0.631527	0.777274	4	189.75302	-10.643
4	0.400486	0.196311	80.699	0.027788	0.936827	0.566544	0.018723	4	170.63138	-11.406
4	0.616915	0.056249	176.319	0.045223	0.530518	0.285433	1.1e-05	5	228.39955	-8.609
4	0.543777	0.287748	127.024	0.029148	0.230751	0.711563	7e-06	0	240.37288	-10.426
4	0.387141	0.084653	163.928	0.041156	0.658173	0.722926	0.161234	2	213.73342	-16.395
4	0.576768	0.092945	67.083	0.033578	0.417122	0.286935	0.000415	3	236.02621	-9.095
4	0.714652	0.356711	142.735	0.056343	0.218562	0.576194	0.0	8	159.06621	-10.245
4	0.672836	0.256122	124.252	0.034764	0.069164	0.414869	4e-06	9	200.65288	-8.856
4	0.658152	0.358252	134.805	0.036552	0.124822	0.628348	0.0	7	183.15955	-5.597
4	0.57371	0.051175	105.615	0.05474	0.782335	0.759291	0.000649	9	189.81288	-9.672
4	0.495585	0.100606	117.014	0.025963	0.092658	0.583664	6.1e-05	5	261.62621	-7.772
4	0.522205	0.124822	104.69	0.032741	0.317753	0.53415	0.000223	9	131.09288	-8.889
4	0.801004	0.068026	141.609	0.031465	0.007438	0.620614	0.00352	3	230.63955	-6.713
4	0.52229	0.162328	83.484	0.054603	0.901982	0.678724	0.014897	6	149.63955	-7.592
4	0.797507	0.071526	118.049	0.034387	0.129856	0.67091	0.0	9	184.91955	-5.047
4	0.350722	0.156186	94.708	0.059852	0.47657	0.585824	0.081003	11	221.43955	-16.607
4	0.60285	0.108694	168.923	0.07812	0.118308	0.667545	2.2e-05	2	156.57288	-13.453
4	0.753322	0.163684	172.043	0.058975	0.483349	0.611924	0.0	7	166.77288	-6.997
3	0.449937	0.468159	97.715	0.028015	0.421304	0.65221	0.0	6	151.31955	-11.571
4	0.564167	0.177675	116.062	0.039072	0.800558	0.722273	0.0	1	239.62621	-6.244
4	0.418519	0.221161	134.483	0.037705	0.879951	0.746127	4e-06	0	122.98404	-15.973
4	0.624246	0.495164	112.999	0.026778	0.404051	0.631635	0.001428	4	271.0	-9.598
4	0.537996	0.976941	128.336	0.041343	0.659734	0.607122	0.101334	0	204.25098	-10.894
4	0.669152	0.058729	139.301	0.042868	0.17512	0.708723	0.0	10	146.55955	-7.812
4	0.347543	0.118067	131.082	0.028881	0.645874	0.672855	0.0	4	216.18621	-9.837
4	0.700182	0.171172	92.811	0.030696	0.538794	0.667696	0.0001	7	206.52363	-7.677
4	0.342217	0.087956	78.272	0.024628	0.349636	0.61605	0.008238	7	250.82621	-10.536
4	0.392343	0.396695	89.951	0.030255	0.375682	0.519377	0.403955	4	227.082	-14.174
4	0.653386	0.256894	128.997	0.026342	0.291387	0.594744	0.0	7	241.57995	-4.95
4	0.690206	0.183093	177.726	0.073665	0.75847	0.403295	0.0	0	175.03955	-11.023
4	0.718033	0.119185	150.508	0.030879	0.153891	0.631535	0.0	10	178.29288	-12.808
4	0.693078	0.941868	95.59	0.049462	0.543127	0.687968	0.010548	9	154.06975	-13.312
4	0.31586	0.107647	178.133	0.028679	0.841202	0.599522	0.36966	2	192.13016	-17.017
4	0.695033	0.073322	154.078	0.026634	0.223572	0.621056	2e-06	8	177.98621	-6.612
4	0.457457	0.208932	171.072	0.024956	0.198837	0.534553	2.3e-05	1	265.43955	-8.487
3	0.515921	0.199404	107.433	0.025478	0.607536	0.536589	0.0	4	185.43955	-5.033
4	0.283652	0.109563	135.308	0.025776	0.750406	0.566683	1e-05	8	239.51955	-11.418
4	0.310727	0.073291	121.648	0.031495	0.053367	0.627095	3e-06	7	245.30621	-13.754
4	0.379653	0.123558	82.098	0.041279	0.577074	0.460475	9.7e-05	2	222.71955	-15.657
4	0.681751	0.08084	159.619	0.038072	0.007551	0.642659	0.010099	8	211.22621	-12.027
4	0.471631	0.102438	101.502	0.024909	0.729488	0.592959	0.0	6	145.78082	-11.392
4	0.574141	0.676187	91.352	0.043695	0.783399	0.568817	0.044084	2	202.89261	-12.737
4	0.425061	0.331245	77.703	0.033672	0.653919	0.66617	1e-06	0	131.19955	-10.576
4	0.398835	0.085312	67.847	0.023905	0.607208	0.59842	0.0	6	197.55955	-6.689
4	0.614899	0.133584	103.355	0.03543	0.462213	0.624848	0.0	7	290.62621	-8.851
4	0.346326	0.10358	148.448	0.025243	0.44842	0.538686	0.0	11	227.77288	-10.265
4	0.700166	0.049056	91.653	0.032314	0.569672	0.58496	0.000226	11	205.11302	-5.497
4	0.887222	0.195425	202.388	0.054603	0.171742	0.329124	2e-06	9	201.18621	-4.204
4	0.314168	0.379784	127.219	0.052788	0.228402	0.3129	0.004252	0	220.33288	-16.414
4	0.793835	0.075286	124.524	0.029536	0.014135	0.728109	5.1e-05	9	221.10621	-5.806
4	0.587456	0.312432	114.369	0.03364	0.343342	0.37012	4.8e-05	8	159.33288	-7.194
4	0.692277	0.269083	141.096	0.02569	0.226351	0.627086	0.000555	1	185.17288	-8.651
4	0.869525	0.959375	162.95	0.054593	0.107685	0.202297	0.602219	2	388.97288	-4.323
4	0.279798	0.532329	142.487	0.029813	0.457035	0.29958	0.0	0	148.07955	-11.864
4	0.467589	0.111772	110.631	0.029785	0.338242	0.562809	2.2e-05	9	154.91955	-6.462
4	0.977453	0.978621	133.988	0.071284	0.063689	0.474449	6e-06	7	288.41288	-3.758
4	0.544337	0.074541	102.417	0.025329	0.600683	0.721106	1e-06	9	261.4098	-8.802
3	0.27843	0.120749	102.754	0.028884	0.806136	0.46742	0.0	0	210.99955	-13.002
4	0.595829	0.565946	139.733	0.034372	0.222676	0.533137	0.645116	10	112.06485	-17.349
4	0.501898	0.067014	103.604	0.034212	0.274313	0.590429	0.0	8	198.41288	-9.395
4	0.289277	0.117264	106.359	0.034731	0.808976	0.552692	0.188992	0	169.38621	-14.64
4	0.57372	0.097752	116.979	0.027154	0.349471	0.696843	0.0	4	220.01288	-9.226
4	0.732767	0.124602	89.177	0.030979	0.262246	0.50719	2e-06	7	227.87955	-7.303
4	0.22781	0.106567	87.117	0.032714	0.560051	0.679089	0.0	3	188.06966	-14.173
4	0.801016	0.339962	133.566	0.031167	0.183453	0.591275	1e-06	8	163.06667	-7.253
4	0.74371	0.121714	119.935	0.042106	0.584308	0.776578	0.000128	9	220.57288	-5.093
4	0.391406	0.807379	203.255	0.036224	0.498841	0.326127	0.0	5	209.61288	-12.603
4	0.544174	0.11745	109.981	0.038432	0.133986	0.603863	1e-06	9	218.55955	-9.522
4	0.953496	0.3896	156.667	0.094393	0.027561	0.28288	0.03552	8	248.51955	-6.892
4	0.534762	0.18855	127.043	0.04657	0.651005	0.413016	1e-06	5	146.45288	-9.318
4	0.657363	0.142792	109.256	0.032553	0.124001	0.632897	0.0	9	174.50621	-10.073
4	0.818631	0.365426	130.611	0.034829	0.150266	0.662181	3e-06	11	196.79769	-5.814
4	0.209232	0.117532	141.002	0.03235	0.084125	0.516495	8e-06	2	227.26485	-15.783
4	0.874987	0.927474	125.375	0.050888	0.000505	0.633436	0.018387	7	333.93288	-8.26
4	0.656923	0.111583	169.923	0.041434	0.341245	0.491212	0.0	3	178.93288	-12.323
4	0.542246	0.087649	77.563	0.031373	0.721831	0.571372	0.0	6	141.74667	-9.713
4	0.198925	0.163922	202.121	0.052293	0.65773	0.349794	0.0	10	215.89288	-15.428
4	0.093225	0.162113	72.194	0.031125	0.542078	0.312913	0.084465	3	32.26077	-21.467
4	0.660563	0.330641	135.075	0.050444	0.448722	0.53161	8e-06	4	284.52	-12.261
4	0.540638	0.100617	138.775	0.031648	0.566429	0.637945	0.0	2	142.77288	-9.014
4	0.781883	0.200423	90.647	0.03888	0.123537	0.66943	0.000354	9	335.75955	-7.033
4	0.823439	0.095642	132.714	0.031386	0.084183	0.718457	1e-05	7	205.13914	-6.565
4	0.596119	0.250729	152.832	0.025962	0.106127	0.542002	0.0	5	197.59955	-7.941
4	0.424071	0.079901	80.009	0.023329	0.455974	0.645995	0.0	3	221.93587	-10.271
4	0.570946	0.115323	117.807	0.036209	0.029127	0.721734	1e-06	2	166.62621	-13.234
4	0.740357	0.121779	110.747	0.031638	0.063952	0.654054	0.0	9	179.43955	-10.679
4	0.171526	0.966313	88.556	0.029784	0.809087	0.310309	0.553919	3	208.27383	-18.501
4	0.874622	0.209296	134.398	0.042502	0.174072	0.665928	1e-06	10	200.62621	-3.802
4	0.496672	0.980091	126.01	0.105787	0.598357	0.530769	0.011902	3	302.47138	-18.273
4	0.516693	0.949313	156.104	0.03163	0.195542	0.439962	0.867303	0	193.2273	-17.3
4	0.30219	0.266828	117.764	0.028972	0.760162	0.49111	8e-06	2	159.35955	-8.555
4	0.505984	0.978239	89.582	0.325295	0.782001	0.633162	0.02433	6	159.05914	-13.554
4	0.336655	0.365221	92.754	0.036655	0.579161	0.652749	0.062939	2	273.05556	-19.004
4	0.958951	0.946501	124.014	0.030173	0.017617	0.640684	0.0	0	205.70621	-5.33
4	0.882063	0.25434	138.36	0.065793	0.086657	0.561906	9.9e-05	7	223.85288	-6.298
4	0.370703	0.977032	73.653	0.053942	0.680887	0.436383	0.102207	0	343.89288	-8.027
4	0.384068	0.470552	80.898	0.032758	0.836922	0.438964	0.07143	2	188.22639	-13.612
4	0.495192	0.123841	122.369	0.043545	0.773854	0.650742	0.000282	11	202.79955	-10.705
4	0.86156	0.188023	109.832	0.045377	0.169941	0.42805	1e-06	2	180.99955	-5.666
4	0.369585	0.258562	72.97	0.052909	0.823954	0.651315	0.000134	4	174.34077	-11.673
4	0.323834	0.14457	75.977	0.026249	0.931083	0.508671	0.175842	2	120.97261	-11.151
4	0.100153	0.941154	65.111	0.044629	0.948881	0.385576	5e-06	0	183.06567	-18.679
4	0.500484	0.086977	118.383	0.037263	0.397716	0.692129	7.9e-05	9	234.46354	-9.882
3	0.523933	0.088848	125.766	0.029471	0.26205	0.487909	0.678558	9	177.13288	-10.405
4	0.677156	0.394422	151.766	0.032465	0.077124	0.443733	1.8e-05	10	241.22621	-8.54
3	0.392866	0.120363	96.086	0.030769	0.484631	0.550947	0.0	8	203.82621	-14.201
4	0.255407	0.144698	140.966	0.031506	0.256255	0.537967	6.6e-05	2	297.40363	-17.486
4	0.312245	0.34796	96.8	0.228802	0.668032	0.564983	1e-06	1	329.02354	-18.955
3	0.419887	0.100151	177.347	0.040526	0.124773	0.58952	0.245822	4	141.24653	-12.08
4	0.780624	0.133555	125.011	0.0303	0.525028	0.77338	4e-06	3	246.62621	-5.332
4	0.508806	0.146312	93.777	0.042895	0.80304	0.644406	0.002745	9	157.87456	-4.39
4	0.432938	0.91587	115.588	0.092541	0.692788	0.453418	0.528928	0	212.8341	-14.475
1	0.527337	0.424939	111.338	0.038681	0.04293	0.347556	0.069325	0	217.12934	-15.378
4	0.713704	0.980169	88.606	0.0485	0.706196	0.32052	0.000117	5	161.84535	-6.826
4	0.566618	0.068911	113.934	0.027324	0.555603	0.641518	0.0	10	285.55955	-9.106
4	0.606813	0.548523	127.19	0.037954	0.631839	0.563186	0.193274	7	191.89506	-13.332
4	0.692924	0.042782	101.368	0.062569	0.115334	0.865396	0.00018	2	161.46621	-8.056
4	0.628802	0.752297	126.054	0.049066	0.757153	0.575393	0.017902	8	152.02621	-7.741
4	0.7608	0.083559	127.535	0.045375	0.098304	0.647394	2e-06	7	179.83955	-4.39
4	0.504639	0.149321	114.004	0.026128	0.066141	0.6627	2e-06	7	214.77288	-10.891
4	0.594363	0.948606	80.004	0	0.246239	0.440764	0.005787	5	249.89288	-9.056
4	0.399894	0.099031	126.761	0.029772	0.638121	0.65061	0.223832	2	176.40444	-17.582
3	0.181021	0.104141	115.936	0.032835	0.88922	0.51955	0.047447	10	174.83955	-15.623
3	0.355954	0.086057	143.91	0.038991	0.460896	0.776688	1.1e-05	5	215.93265	-13.262
4	0.388132	0.075428	115.386	0.031441	0.469152	0.642666	0.0	0	305.09288	-9.218
4	0.328582	0.334483	103.202	0.027751	0.490137	0.464333	2.9e-05	8	208.9327	-12.38
4	0.744131	0.271663	111.749	0.120947	0.816816	0.682727	2e-06	5	230.93288	-8.314
4	0.348005	0.216654	101.988	0.02762	0.109478	0.47373	0.0	5	181.09288	-11.177
4	0.48118	0.346355	77.244	0.050808	0.942244	0.679481	0.889592	4	126.49955	-16.095
4	0.242061	0.231716	94.276	0.040495	0.672808	0.554352	0.018897	3	166.51955	-14.1
3	0.343018	0.114409	114.887	0.034019	0.808609	0.571667	6e-05	10	157.12608	-12.615
4	0.344969	0.123818	102.771	0.032363	0.702829	0.50392	2e-06	10	158.55955	-9.878
4	0.503968	0.537471	126.433	0.040301	0.047943	0.639234	7e-06	7	162.39129	-13.061
4	0.658697	0.076135	105.452	0.038777	0.581024	0.534878	0.001326	1	175.57288	-5.46
4	0.29453	0.14092	135.507	0.027787	0.244637	0.558662	0.0	7	213.13288	-14.628
4	0.243387	0.094245	168.538	0.02892	0.695703	0.536547	1e-06	8	258.49288	-14.757
4	0.908536	0.662956	93.53	0.136348	0.652437	0.590268	0.006647	7	157.39955	-6.767
4	0.422685	0.247893	112.811	0.033144	0.688948	0.637044	0.015223	9	220.34621	-16.88
4	0.798731	0.273245	113.913	0.049944	0.370563	0.557754	1e-06	2	181.95111	-11.506
4	0.52274	0.185749	93.281	0.124172	0.666843	0.593583	0.00099	9	236.19955	-12.742
3	0.360836	0.040118	84.159	0.036732	0.592145	0.668462	2e-06	2	175.46621	-12.089
4	0.288444	0.058983	185.284	0.070764	0.958803	0.705079	4e-06	5	160.17288	-9.497
4	0.458974	0.990774	96.346	0.032819	0.157151	0.506694	0.0	7	242.59955	-10.5
4	0.543307	0.118685	119.449	0.052867	0.604579	0.723691	4.6e-05	0	153.28608	-9.179
4	0.334456	0.412535	76.574	0.283822	0.358212	0.616845	5e-06	2	84.31955	-14.472
4	0.272248	0.075669	77.726	0.037358	0.726598	0.687617	1e-06	5	158.94621	-13.885
4	0.683152	0.95141	111.388	0.062553	0.71213	0.582282	0.0	10	201.95955	-8.223
4	0.618253	0.306218	97.377	0.047677	0.358313	0.586606	0.0	4	217.99955	-9.086
4	0.335097	0.320187	95.112	0.047102	0.373477	0.714332	0.000483	0	163.39955	-14.157
4	0.51851	0.290166	89.87	0.023021	0.350637	0.650726	4e-06	9	170.58621	-8.05
4	0.559171	0.079218	86.743	0.024454	0.160529	0.504422	0.070988	5	212.95955	-11.494
4	0.490772	0.110016	152.591	0.026332	0.320957	0.407835	3.6e-05	5	225.04735	-7.481
4	0.922934	0.684832	67.183	0.373539	0.994151	0.288275	0.904236	2	235.89288	-6.955
4	0.095333	0.109381	73.761	0.031314	0.950246	0.502565	0.80788	11	203.51955	-23.299
4	0.545266	0.178596	122.507	0.028884	0.066599	0.730758	0.002646	7	215.73333	-12.426
4	0.582419	0.109268	126.28	0.027061	0.151719	0.753011	1.1e-05	7	221.87955	-7.933
4	0.568859	0.058621	114.271	0.026568	0.139169	0.748599	0.0	7	214.82621	-9.299
4	0.342698	0.123196	106.958	0.026111	0.831817	0.629135	0.762747	5	192.05179	-18.16
4	0.737999	0.116132	178.471	0.034196	0.100598	0.639148	3e-05	7	179.39955	-9.985
4	0.345526	0.059905	110.432	0.031203	0.314975	0.655651	0.0	5	191.50626	-13.229
4	0.682323	0.727276	104.432	0.044101	0.612594	0.579997	0.0	5	143.89288	-8.331
4	0.157652	0.107883	117.903	0.034563	0.948917	0.679797	0.826159	2	173.53098	-20.799
4	0.302944	0.85419	93.667	0.035181	0.826625	0.389419	0.043553	7	44.43383	-20.057
4	0.576613	0.144315	81.449	0.073182	0.770292	0.518638	0.782788	4	212.11429	-15.23
4	0.320332	0.066412	107.638	0.031616	0.44281	0.711732	6e-06	7	169.95955	-14.8
4	0.263526	0.976235	111.594	0.033498	0.818062	0.369822	1.3e-05	0	236.99955	-14.805
4	0.23305	0.146626	115.846	0.03307	0.939348	0.441246	0.000369	10	162.99955	-15.35
4	0.473007	0.082455	175.146	0.130612	0.858614	0.474726	0.0	8	176.74957	-12.862
4	0.507212	0.26127	135.875	0.038091	0.628271	0.328004	9e-06	10	169.05288	-10.265
4	0.377158	0.061139	72.025	0.059129	0.623172	0.610847	0.0	7	169.00027	-10.647
4	0.409412	0.125655	96.008	0.026402	0.141197	0.649163	7e-06	5	186.3717	-10.256
4	0.301705	0.098592	76.786	0.027439	0.465227	0.447926	0.044509	1	145.8819	-8.931
4	0.554083	0.953019	131.243	0.057591	0.79421	0.58698	3e-06	4	142.50621	-9.952
4	0.699111	0.265856	116.783	0.02986	0.741775	0.602519	0.0	1	155.97669	-9.402
4	0.839243	0.976114	114.511	0.054729	0.576331	0.578333	0.604136	2	165.59955	-7.035
3	0.329426	0.127352	102.927	0.028658	0.903297	0.529898	0.021126	10	97.54077	-8.894
4	0.800373	0.736434	116.41	0.073502	0.387415	0.536871	0.0	5	159.07955	-8.914
4	0.449398	0.110632	125.87	0.027052	0.596211	0.562158	1e-06	2	244.4273	-7.397
4	0.463742	0.12106	125.607	0.028686	0.700776	0.788551	0.001684	2	216.842	-8.634
4	0.166236	0.114489	127.878	0.030064	0.948021	0.549795	0.001168	1	167.33995	-17.916
4	0.24796	0.088805	132.906	0.02892	0.781483	0.567916	1e-06	11	321.98621	-8.735
4	0.319245	0.109987	162.22	0.026852	0.622732	0.462504	2e-06	8	241.30621	-10.735
4	0.423542	0.625819	82.32	0.057938	0.334503	0.38437	0.000698	9	221.91955	-12.769
4	0.464674	0.966465	69.58	0.031235	0.7639	0.377264	0.004077	4	202.89288	-9.102
4	0.687438	0.26385	127.915	0.028338	0.392052	0.599912	0.0	0	173.11955	-9.35
5	0.231264	0.101581	132.368	0.033172	0.902606	0.312635	9e-06	8	174.03955	-15.206
4	0.733062	0.053979	154.964	0.026867	0.008747	0.547557	0.065175	7	242.99955	-6.635
4	0.718362	0.095618	118.32	0.057203	0.403215	0.590933	0.267096	7	169.01288	-8.905
4	0.868099	0.098265	149.056	0.02975	0.561997	0.626904	0.0	8	215.32853	-6.413
4	0.278393	0.183461	138.187	0.034095	0.625299	0.678073	5.7e-05	10	109.27955	-18.485
4	0.854806	0.257688	158.504	0.036269	0.457138	0.370232	0.874853	8	161.63914	-8.235
4	0.472669	0.128798	132.494	0.035206	0.77277	0.571578	5e-05	10	142.41288	-9.931
4	0.56197	0.227538	108.953	0.053541	0.427641	0.720243	0.025141	0	177.41288	-10.342
4	0.761136	0.067282	118.008	0.032055	0.085411	0.890656	0.015822	11	190.49288	-9.361
4	0.594515	0.19162	106.704	0.026759	0.1793	0.648244	0.52416	0	218.25261	-14.068
3	0.112545	0.16678	212.218	0.035242	0.326349	0.277446	0.000689	5	255.13288	-17.614
4	0.135779	0.129469	142.97	0.03139	0.973259	0.64133	0.013535	0	177.59955	-14.848
4	0.659283	0.736749	129.768	0.095701	0.066823	0.643333	0.025131	0	181.81288	-13.976
4	0.502309	0.19609	130.78	0.051932	0.730333	0.695499	0.000218	5	165.74621	-7.396
3	0.290491	0.23815	101.629	0.029325	0.40687	0.409121	0.00074	10	161.06621	-14.312
4	0.313836	0.073424	93.629	0.031475	0.741787	0.679529	2.1e-05	7	221.88363	-17.587
4	0.290178	0.12705	76.198	0.035117	0.654641	0.575004	0.000129	9	252.00281	-13.191
4	0.500211	0.134217	84.796	0.056662	0.731802	0.689379	0.014408	9	135.99955	-10.778
4	0.312102	0.933213	117.205	0.029549	0.069644	0.518465	0.889498	2	176.84853	-18.777
4	0.383581	0.348605	83.927	0.036465	0.859404	0.637315	1e-06	0	166.86975	-15.802
4	0.323346	0.358778	111.819	0.034209	0.158914	0.730805	0.132011	0	195.29288	-17.676
4	0.015386	0.939378	147.501	0.037035	0.949969	0.312196	4.2e-05	5	220.14771	-28.063
4	0.503687	0.265546	102.87	0.031338	0.929421	0.751049	0.000285	2	184.84277	-9.597
4	0.733129	0.166577	87.687	0.073514	0.054863	0.621814	0.0	4	211.61288	-7.591
4	0.260275	0.079233	88.154	0.026246	0.480214	0.557027	0.0	4	154.19955	-11.768
4	0.77358	0.729716	128.38	0.036939	0.308242	0.544676	0.105736	0	174.10567	-7.845
4	0.521771	0.760402	116.919	0.029729	0.014124	0.610002	0.386565	9	258.14159	-16.136
3	0.302578	0.65032	83.091	0.036081	0.978219	0.536502	2e-06	5	156.75955	-9.97
4	0.625376	0.110971	95.665	0.078728	0.315745	0.3961	0.000165	2	182.49288	-8.768
1	0.214499	0.057116	82.511	0.542107	0.047967	0.519887	0.00032	8	248.60689	-30.548
4	0.2663	0.115234	109.858	0.039306	0.942412	0.712149	0.06428	10	187.8381	-8.129
4	0.559101	0.699773	91.87	0.035724	0.702291	0.630307	0.0	5	207.63955	-6.405
4	0.413095	0.161592	116.636	0.033301	0.577876	0.710483	0.0	2	133.37288	-11.142
4	0.086669	0.37053	79.75	0.037368	0.94394	0.275946	2.6e-05	8	161.82621	-15.787
4	0.094571	0.115755	62.412	0.045235	0.845861	0.522675	5e-06	4	185.94621	-19.136
4	0.292059	0.130095	105.738	0.029875	0.780807	0.480898	7e-06	9	157.3873	-12.255
5	0.224385	0.10663	143.734	0.141274	0.88109	0.550447	0.005712	0	209.30621	-22.203
3	0.351272	0.139458	85.873	0.025632	0.878464	0.417945	1e-06	10	153.79955	-8.626
4	0.444748	0.198797	147.244	0.050099	0.201179	0.690714	9.4e-05	7	205.27202	-14.215
1	0.471197	0.145104	133.386	0.030571	0.554977	0.565306	0.0	1	165.46621	-10.968
4	0.830907	0.803027	126.903	0.056289	0.671883	0.572196	0.027267	9	133.91955	-6.71
4	0.515021	0.541017	102.06	0.030327	0.663253	0.625601	0.0	6	63.07955	-10.726
4	0.512267	0.893637	98.205	0.045551	0.426643	0.302417	3.2e-05	1	164.63955	-14.827
4	0.077709	0.117754	77.95	0.027976	0.982689	0.493468	0.526082	7	219.32363	-23.46
4	0.48897	0.528782	107.716	0.039814	0.661862	0.537293	3e-06	9	255.37288	-13.436
4	0.58994	0.680835	125.823	0.099565	0.364507	0.511499	0.000228	5	165.35465	-9.853
4	0.066917	0.215583	168.046	0.037672	0.976258	0.519767	0.000728	3	198.6863	-25.824
4	0.650959	0.065525	139.386	0.032183	0.341101	0.730771	0.0	0	141.13288	-9.022
4	0.755885	0.365024	119.103	0.041518	0.065056	0.698666	0.681388	4	202.50621	-7.146
4	0.465115	0.240735	102.933	0.033073	0.704904	0.685619	0.003408	7	200.14621	-9.935
4	0.372098	0.687301	68.246	0.08869	0.807536	0.376669	1e-06	5	168.34621	-10.107
4	0.542729	0.187217	117.386	0.036767	0.038709	0.408393	0.024607	11	148.45333	-8.297
4	0.689746	0.219858	97.957	0.033565	0.879065	0.604037	0.015023	2	169.98621	-8.343
3	0.217124	0.228895	113.488	0.036618	0.781646	0.59808	0.000498	4	198.39955	-17.925
3	0.304782	0.216613	98.74	0.035106	0.857014	0.674198	1.5e-05	9	158.92853	-13.632
4	0.21629	0.100489	138.866	0.032378	0.179931	0.455695	0.186673	10	182.02621	-18.016
4	0.062618	0.217014	77.714	0.029524	0.522139	0.333543	0.020127	8	155.43955	-26.598
3	0.59015	0.12255	112.214	0.025819	0.205918	0.651665	0.0	7	152.93288	-6.113
4	0.577499	0.220927	118.381	0.039972	0.338278	0.582463	0.005834	2	152.21279	-8.984
4	0.312832	0.08125	73.921	0.029209	0.811301	0.476918	1e-06	5	182.61007	-11.948
4	0.535648	0.148033	75.218	0.047357	0.248329	0.541177	5e-06	7	140.25098	-17.646
4	0.164851	0.403969	107.216	0.036569	0.866796	0.455333	0.050259	4	152.38798	-23.883
4	0.586534	0.321585	158.568	0.034326	0.027742	0.426354	5.2e-05	4	154.53288	-8.438
4	0.425273	0.085448	180.885	0.036969	0.676782	0.48877	0.0	4	144.15955	-12.711
4	0.211616	0.22392	105.885	0.070893	0.532301	0.481898	1e-06	4	276.75955	-13.657
4	0.036434	0.445806	122.333	0.066032	0.880299	0.599701	1e-05	8	135.32871	-29.81
4	0.495335	0.178308	87.585	0.02637	0.088267	0.496445	0.001136	3	215.99955	-6.979
4	0.286487	0.093275	101.92	0.030964	0.85731	0.579587	0.000485	0	145.78621	-14.466
4	0.652498	0.064503	171.946	0.036682	0.260437	0.619166	0.045433	9	271.15955	-12.625
4	0.201244	0.093764	132.291	0.029934	0.585816	0.422696	0.0	8	198.52249	-11.852
3	0.357432	0.084281	72.485	0.028748	0.891042	0.412118	0.0	0	150.33288	-8.948
4	0.293294	0.225989	144.402	0.0325	0.802672	0.646148	0.0	0	172.99955	-9.328
4	0.82925	0.943572	87.478	0.031903	0.420225	0.513699	0.012978	9	152.69288	-8.331
3	0.173718	0.161899	107.852	0.036446	0.860334	0.354147	0.350768	4	162.19383	-18.361
4	0.403247	0.241149	150.883	0.052457	0.448386	0.638616	0.0	5	200.90621	-9.576
3	0.326242	0.149684	82.678	0.026016	0.817353	0.585505	4.9e-05	0	149.67955	-10.417
4	0.554858	0.134137	102.704	0.051296	0.186866	0.712779	4.9e-05	9	170.19955	-11.91
4	0.228497	0.111146	141.432	0.02913	0.826701	0.4964	0.000438	3	229.95955	-15.905
3	0.183549	0.108022	79.229	0.033373	0.944501	0.442911	6.2e-05	3	162.39991	-12.297
4	0.89072	0.146652	178.47	0.082006	0.500792	0.454829	0.0	9	152.16281	-6.085
4	0.480473	0.865543	99.256	0.036494	0.979075	0.669843	0.01071	9	166.45288	-7.904
4	0.858724	0.968768	141.152	0.100783	0.170067	0.296094	0.00011	7	361.4878	-8.75
4	0.483434	0.103141	140.263	0.030079	0.101481	0.575135	0.000169	7	223.59955	-11.145
4	0.721461	0.180275	90.552	0.02473	0.145733	0.678513	6.1e-05	2	211.83955	-9.049
4	0.267286	0.171763	84.55	0.196746	0.789101	0.454949	0.0	5	260.83955	-15.216
3	0.225505	0.143824	102.167	0.028072	0.887315	0.318086	0.00011	1	157.962	-12.934
4	0.925104	0.880408	145.514	0.039701	0.524066	0.449671	0.045736	4	153.90621	-2.766
4	0.396736	0.105833	81.471	0.03625	0.613422	0.550408	0.004704	3	160.02567	-12.841
3	0.00214	0.069046	86.134	0.043308	0.176796	0.090286	0.0	5	183.37914	-49.945
4	0.430545	0.129841	106.125	0.027604	0.398866	0.621916	0.0	11	157.93288	-11.75
4	0.637418	0.138457	81.591	0.042308	0.725269	0.501839	0.000763	10	148.63955	-12.346
4	0.990233	0.906298	130.162	0.051783	0.042885	0.449954	0.976922	5	41.59955	-2.576
4	0.455713	0.368382	104.429	0.027419	0.15434	0.685209	0.000651	7	99.24141	-9.525
4	0.493774	0.20996	119.738	0.045194	0.644469	0.512544	0.000855	8	156.90621	-10.436
4	0.826208	0.69861	198.923	0.172206	0.431095	0.359116	0.000392	4	146.25914	-6.519
4	0.829262	0.09553	102.945	0.049799	0.469752	0.574105	0.293617	10	153.70621	-5.707
4	0.33931	0.284939	80.364	0.054116	0.628047	0.274193	0.000345	2	218.31955	-13.59
4	0.54467	0.939742	124.945	0.035497	0.408997	0.507597	0.829253	5	229.03955	-11.321
4	0.351126	0.122943	137.063	0.030521	0.884648	0.580181	0.336456	9	181.13288	-14.169
4	0.504486	0.06948	97.669	0.054926	0.82337	0.739909	1.4e-05	2	133.94676	-11.334
4	0.662437	0.977423	110.665	0.030693	0.372315	0.55262	0.007818	4	194.37669	-8.506
4	0.909706	0.311088	106.938	0.033628	0.587028	0.612789	0.032401	2	176.09288	-5.823
4	0.252648	0.368209	143.691	0.111175	0.098293	0.695263	4.1e-05	4	156.42621	-17.258
4	0.05641	0.088347	134.487	0.036121	0.984145	0.48116	0.872067	7	218.46159	-22.451
3	0.246809	0.105273	81.328	0.034984	0.77069	0.554872	4.4e-05	1	136.83887	-14.749
4	0.194552	0.093553	97.123	0.035017	0.298436	0.628151	0.000683	7	125.11955	-13.355
3	0.395761	0.285252	114.842	0.035517	0.862473	0.619657	1.1e-05	5	257.81288	-16.097
4	0.220155	0.344404	111.545	0.030229	0.852991	0.5427	2e-06	10	167.49288	-10.546
3	0.129894	0.139501	105.644	0.032231	0.960809	0.492069	1.2e-05	10	165.66621	-13.15
4	0.174474	0.950843	68.585	0.041969	0.382252	0.281905	0.00027	7	218.4761	-13.64