4	0.607397	0.06628	183.169	0.104914	0.140076	0.350384	0.004472	9	275.69025	-11.809
4	0.91121	0.349054	103.91	0.037562	0.002026	0.302747	0.155056	0	432.79955	-5.2
4	0.784136	0.686772	77.868	0.045256	0.01373	0.20714	0.000696	9	433.86621	-8.53
4	0.840805	0.118488	162.677	0.099073	0.000364	0.422153	0.000936	4	167.46621	-8.647
4	0.848799	0.798895	119.141	0.073096	2.8e-05	0.247251	0.00768	3	490.96803	-15.529
4	0.910236	0.935288	175.262	0.119982	0.00476	0.236454	0.013247	9	431.29288	-6.728
4	0.793219	0.122507	77.966	0.078869	0.000423	0.30648	0.003121	6	353.07057	-10.435
4	0.967513	0.053933	140.576	0.191099	3.3e-05	0.298495	3.4e-05	3	167.21288	-6.872
4	0.985332	0.95598	102.587	0.115405	0.115305	0.264358	0.000187	7	287.18975	-3.697
4	0.425644	0.095402	90.86	0.028896	0.037704	0.311958	0.021136	3	406.9873	-18.694
4	0.772814	0.300238	178.447	0.048356	0.009995	0.175473	0.011353	7	510.73288	-10.086
4	0.996981	0.099687	90.281	0.156346	6.8e-05	0.263151	0.405144	8	290.78358	-3.249
4	0.308562	0.426886	106.552	0.033543	0.104504	0.354552	0.672513	1	562.99955	-10.303
4	0.921481	0.34246	137.61	0.05735	0.016899	0.474638	0.002013	9	290.08934	-3.61
4	0.843551	0.201596	103.763	0.117813	0.006946	0.413753	0.00608	7	464.47156	-7.582
4	0.800809	0.163007	92.041	0.087174	0.013149	0.429118	0.678981	10	332.62621	-9.569
4	0.665064	0.32675	83.604	0.05195	0.03952	0.229938	0.400719	4	402.46354	-21.687
4	0.821187	0.924871	107.123	0.078668	2.3e-05	0.212376	0.926228	7	436.45342	-16.202
4	0.996148	0.12471	85.204	0.208356	0.000322	0.222024	0.436497	10	252.95955	-2.84
3	0.878296	0.117861	178.442	0.058621	3.7e-05	0.173	0.167563	9	321.61288	-9.344
4	0.979381	0.300721	103.16	0.147352	0.000112	0.403146	0.225089	4	364.78503	-5.846
4	0.899152	0.123217	90.854	0.075745	0.001794	0.28219	0.624638	0	289.40177	-8.221
4	0.748022	0.139092	118.268	0.053591	0.004309	0.542171	0.000548	9	342.57288	-7.516
4	0.950391	0.962927	87.366	0.108993	0.000146	0.253957	0.038752	11	239.58304	-6.851
4	0.724967	0.794753	138.598	0.050686	0.011792	0.250603	0.881014	1	308.1922	-15.446
4	0.942974	0.376706	194.229	0.157496	0.0007	0.208912	0.000281	9	218.63955	-6.249
4	0.892919	0.964439	143.643	0.075322	0.001127	0.272846	0.335729	7	464.87955	-11.398
4	0.893543	0.644717	153.138	0.085767	0.000107	0.276907	0.575063	6	310.15955	-5.647
4	0.931933	0.627431	96.11	0.060082	0.00032	0.426623	0.33674	4	140.90621	-6.58
4	0.971869	0.962157	98.834	0.166245	0.061481	0.26003	0.042285	9	292.35955	-5.913
4	0.956078	0.194087	173.313	0.088754	0.01152	0.221593	0.000783	0	233.95955	-4.663
4	0.712013	0.896756	70.738	0.080142	0.053587	0.142026	0.172573	3	282.56608	-16.333
4	0.975078	0.332717	139.979	0.345454	0.000218	0.365331	0.270394	2	230.18621	-5.534
4	0.965786	0.993791	134.372	0.07465	5e-06	0.256011	0.001436	1	276.46621	-6.116
4	0.642238	0.175465	113.695	0.05625	0.004661	0.370694	0.11471	4	803.47383	-18.526
4	0.717213	0.087356	151.848	0.056419	0.098112	0.297798	0.890892	9	257.04444	-17.147
4	0.757483	0.088955	150.479	0.058564	0.479968	0.216444	0.864729	5	393.89995	-16.032
4	0.912299	0.421635	93.128	0.063549	0.001694	0.122837	0.047752	1	71.82621	-6.999
4	0.87994	0.786038	98.581	0.077307	0.005012	0.348674	0.002384	8	227.77288	-11.533
4	0.952901	0.90517	92.502	0.123595	0.000255	0.106415	0.129034	2	282.86621	-5.404
4	0.988141	0.120315	114.463	0.132051	0.013933	0.474821	0.000123	9	246.41288	-3.702
1	0.97766	0.082017	135.612	0.246652	0.000485	0.296999	0.129311	5	285.55855	-4.516
4	0.726767	0.967543	123.284	0.050483	1.6e-05	0.408668	0.643791	1	278.9873	-13.121
4	0.884059	0.906444	139.991	0.060028	0.003836	0.318735	0.000719	10	374.15138	-8.354
4	0.823631	0.887514	141.992	0.0662	0.027703	0.360445	3.3e-05	4	515.13288	-8.909
4	0.822538	0.458934	108.035	0.037531	0.029239	0.310212	0.012471	2	295.18322	-3.56
4	0.887192	0.865412	165.655	0.081098	0.001072	0.181686	0.015075	1	273.86621	-6.903
4	0.82731	0.134505	177.708	0.047414	0.012104	0.224111	0.00432	3	372.19955	-5.224
4	0.959512	0.947463	175.557	0.078342	0.000924	0.185859	0.792747	4	430.54621	-7.434
1	0.554579	0.117332	94.2	0.063462	0.309661	0.309906	2.7e-05	11	366.27955	-10.595
1	0.697681	0.132	137.231	0.060802	0.489617	0.284721	0.922805	11	430.62812	-17.92
4	0.539715	0.14457	78.927	0.040766	0.013746	0.386868	0.04353	6	370.31193	-13.921
4	0.972461	0.959886	97.118	0.090387	0.003419	0.13852	5.9e-05	9	350.71374	-6.857
4	0.949413	0.296598	159.682	0.11224	0.000101	0.168924	0.639861	7	314.55955	-10.594
4	0.974143	0.137496	133.938	0.06214	0.000956	0.304511	0.009753	2	269.46621	-5.099
4	0.678966	0.215977	105.735	0.043037	0.000155	0.408298	0.051206	10	332.53832	-18.578
4	0.955466	0.130883	203.684	0.364132	0.00243	0.230545	0.072425	0	432.66621	-5.822
4	0.956495	0.612748	102.22	0.075465	0.001606	0.524441	0.633796	9	491.24957	-7.551
4	0.895171	0.217412	119.137	0.064631	0.000117	0.352438	0.024168	0	267.34621	-8.934
4	0.994742	0.428519	103.909	0.097077	0.022919	0.284889	0.039601	8	309.11955	-5.971
4	0.820794	0.693543	116.258	0.066536	1e-05	0.265567	0.012792	5	350.39955	-9.746
4	0.893029	0.322415	124.027	0.035857	0.000274	0.583402	0.006355	11	255.57288	-3.409
3	0.819485	0.273745	150.419	0.104456	0.047995	0.315657	0.007628	4	416.69288	-10.436
4	0.703909	0.084071	116.911	0.077303	0.000139	0.422558	0.004736	1	315.16689	-8.024
4	0.849143	0.807359	135.596	0.032641	8.7e-05	0.462943	0.016772	9	259.06621	-8.227
4	0.632136	0.070451	140.086	0.044348	0.000247	0.64235	0.827511	4	239.90812	-16.389
4	0.977886	0.361166	173.089	0.184218	4.3e-05	0.267002	0.003297	7	307.39955	-6.272
4	0.893577	0.105939	97.232	0.056384	0.000371	0.489714	0.281852	9	312.55955	-11.178
4	0.915022	0.958337	108.683	0.068248	0.000357	0.315003	0.056595	4	334.10621	-12.138
4	0.967806	0.658429	92.853	0.167314	0.000818	0.123675	0.803947	7	256.17288	-7.498
4	0.967286	0.119861	96.993	0.104181	0.00352	0.235622	0.201754	8	359.62621	-3.281
4	0.684871	0.043142	129.345	0.043016	0.043133	0.436263	0.196474	4	408.37288	-10.061
4	0.960842	0.110612	158.024	0.149416	0.002192	0.395585	0.48039	4	250.02621	-5.639
4	0.942998	0.068753	135.833	0.037081	0.00013	0.465133	0.740518	8	305.33288	-5.553
4	0.905119	0.894814	93.667	0.078928	0.020192	0.316313	0.000184	11	365.69288	-4.61
4	0.692364	0.313304	95.811	0.03229	0.007585	0.393062	0.001436	8	227.082	-17.28
4	0.990202	0.081657	98.531	0.16689	0.000108	0.330023	0.01466	1	291.37288	-3.091
4	0.995266	0.753404	179.387	0.253472	0.092483	0.182616	0.001884	4	296.82893	-3.071
4	0.953055	0.990718	155.744	0.097151	8.1e-05	0.283358	0.002825	9	262.29288	-5.218
4	0.506238	0.583761	146.396	0.036255	0.053686	0.364844	0.000404	1	304.14322	-19.427
4	0.93054	0.237582	126.973	0.101412	0.078081	0.370663	0.025548	0	333.45288	-7.05
4	0.885446	0.64066	133.837	0.044924	5.7e-05	0.273746	0.50825	1	268.87955	-7.03
4	0.987328	0.937819	121.676	0.178128	0.005559	0.269214	0.000258	5	355.29288	-5.244
4	0.902135	0.580576	112.241	0.068049	9e-05	0.418108	8e-06	7	194.58621	-6.643
4	0.952371	0.726921	86.034	0.079947	0.006497	0.260518	0.14446	9	361.1424	-7.544
4	0.949461	0.02397	87.995	0.05694	0.000327	0.480196	0.615966	6	229.13406	-5.522
4	0.727743	0.103059	133.375	0.039316	0.004875	0.320626	0.036455	3	468.39955	-10.748
4	0.867803	0.265738	131.193	0.070078	0.000377	0.471965	0.000391	0	271.59959	-4.752
4	0.979577	0.925355	83.639	0.106249	0.039054	0.227561	5e-06	9	305.78893	-3.321
4	0.958389	0.170516	119.337	0.192982	0.000253	0.287844	0.000994	3	312.27955	-6.456
4	0.979758	0.359805	138.512	0.090706	0.016892	0.291337	0.771495	4	310.42621	-3.692
4	0.731222	0.124623	118.191	0.053124	0.000399	0.213653	0.911232	11	533.53288	-12.038
4	0.904559	0.182672	128.836	0.087577	6e-06	0.25665	0.000502	9	264.19955	-8.679
4	0.966613	0.972326	98.726	0.110717	9e-05	0.298457	0.038817	11	282.10621	-5.209
4	0.958476	0.104866	149.331	0.139172	0.00167	0.205027	0.000144	4	798.57288	-6.393
4	0.81918	0.284466	123.98	0.037144	0.578533	0.553758	0.902591	9	281.25995	-14.348
4	0.978672	0.926972	96.872	0.141014	3.1e-05	0.258308	0.283795	11	328.77556	-4.801
4	0.952434	0.359494	88.549	0.072775	8e-06	0.185383	0.823509	4	276.87138	-10.522
4	0.920691	0.891651	128.61	0.080421	0.00015	0.271082	0.814274	6	342.38621	-6.981
4	0.951262	0.906477	90.619	0.147731	0.025523	0.33585	0.000186	0	334.57288	-7.446
4	0.913949	0.074786	126.335	0.04952	0.002707	0.61445	0.00043	11	264.79955	-6.436
4	0.563421	0.413014	148.598	0.085777	0.174554	0.501605	0.001056	5	168.30621	-12.404
4	0.92125	0.388704	137.178	0.049916	0.000682	0.224203	0.032821	1	193.85424	-6.347
4	0.960235	0.655243	78.635	0.370613	5e-06	0.159785	0.270869	8	329.55955	-6.36
5	0.964235	0.690134	138.178	0.076414	0.214598	0.351643	0.884803	0	232.07138	-9.365
4	0.564633	0.120929	123.659	0.050394	0.000511	0.599911	0.694005	4	242.93832	-16.678
4	0.978701	0.040827	209.166	0.058077	0.000789	0.243565	0.050345	4	341.24	-6.772
4	0.944897	0.979802	95.804	0.125589	0.013294	0.223947	0.655993	9	313.62621	-8.057
4	0.937414	0.973603	101.746	0.069482	4.6e-05	0.382174	0.091147	1	278.59955	-10.719
4	0.938522	0.959202	158.468	0.051815	2.6e-05	0.17887	0.000103	8	237.13288	-14.218
4	0.918975	0.365924	81.913	0.130339	0.000362	0.170948	0.5134	7	1277.80526	-11.349
4	0.957091	0.922805	140.577	0.119094	0.101208	0.157375	0.894988	2	481.82812	-5.982
4	0.893785	0.254443	102.374	0.063824	0.000537	0.427271	0.078999	10	301.59955	-11.123
4	0.882244	0.110118	138.496	0.052122	0.009075	0.386394	1.7e-05	0	306.32599	-5.692
4	0.981766	0.990712	151.381	0.092301	0.000106	0.31711	0.094932	10	450.21288	-3.176
4	0.850394	0.109887	90.877	0.073204	6.9e-05	0.260269	0.580481	4	496.62621	-10.958
4	0.688223	0.957587	112.328	0.151193	0.369319	0.492239	0.0	1	539.69288	-9.002
4	0.883329	0.397213	129.705	0.044875	2e-06	0.235445	0.881614	2	246.12526	-8.368
4	0.477574	0.375252	110.972	0.064019	0.005333	0.420819	0.081013	7	256.13016	-18.088
4	0.824209	0.371154	86.303	0.074791	0.003501	0.150109	0.893193	6	208.06485	-16.891
4	0.646389	0.132171	105.018	0.040793	0.577431	0.497667	0.896123	9	277.73342	-17.315
4	0.888919	0.299433	110.81	0.087625	0.051277	0.386742	1.5e-05	6	231.17288	-6.346
4	0.779943	0.091054	129.638	0.076529	0.004404	0.474884	1.2e-05	0	303.77288	-10.056
3	0.967494	0.962769	134.848	0.071289	0.000157	0.322573	0.779534	0	262.03955	-5.868
4	0.925062	0.409285	182.939	0.063175	0.003229	0.194828	0.005096	9	402.34621	-3.842
4	0.720934	0.268484	118.094	0.043227	0.046552	0.484743	0.000454	9	237.45288	-7.643
4	0.937603	0.355949	105.071	0.054881	0.102581	0.154072	0.532339	9	256.67955	-6.985
4	0.749153	0.081085	148.956	0.054548	0.008148	0.367986	0.000414	11	204.82621	-9.473
4	0.967006	0.367026	101.76	0.078059	3.3e-05	0.141349	0.810224	0	375.95955	-9.604
4	0.692932	0.228841	96.403	0.076596	0.019405	0.290912	0.019859	10	348.00281	-19.615
4	0.689292	0.273803	142.181	0.031226	0.004969	0.410582	0.000596	6	334.6166	-8.435
4	0.829681	0.973413	106.001	0.063394	0.000354	0.260243	0.056767	0	1254.29288	-8.036
4	0.991088	0.627188	142.944	0.241185	0.034541	0.239488	0.168502	1	349.23955	-4.234
4	0.942799	0.192829	125.341	0.105517	0.001142	0.240618	0.001364	1	278.15138	-4.977
4	0.983099	0.370586	162.658	0.137524	2.8e-05	0.204173	0.866684	2	214.50549	-8.175
4	0.951994	0.487421	87.946	0.135429	5e-05	0.362966	0.013744	6	200.99955	-5.759
4	0.984739	0.283946	93.246	0.090875	1e-06	0.187488	0.35335	4	273.11955	-4.798
4	0.801158	0.050313	115.871	0.043374	4e-06	0.395476	0.096285	9	170.39628	-16.468
4	0.761055	0.251537	165.803	0.056778	0.000365	0.254207	0.0	9	222.97288	-8.311
3	0.951352	0.427206	113.167	0.076847	0.002709	0.4067	0.025611	4	370.33288	-7.201
4	0.973234	0.576571	179.725	0.087523	0.010333	0.400291	0.001049	9	203.55955	-6.003
4	0.941375	0.364135	101.209	0.164634	0.012555	0.287978	0.000288	8	324.79955	-5.095
4	0.861202	0.598989	147.423	0.057037	0.000494	0.282408	0.04338	0	1194.63955	-9.978
4	0.89121	0.098523	106.175	0.050062	0.005337	0.267936	0.01908	9	259.19955	-7.712
4	0.943113	0.066309	87.463	0.119022	0.034767	0.365261	0.073334	0	315.57288	-9.775
4	0.976871	0.982455	157.817	0.166962	0.000231	0.209649	0.004826	9	317.46621	-5.405
4	0.717423	0.603173	94.082	0.058944	0.000493	0.285713	4e-05	9	234.66739	-13.166
4	0.926103	0.070579	100.32	0.064175	0.006385	0.294583	0.00072	6	207.33288	-5.453
3	0.963756	0.180512	88.091	0.195151	0.000837	0.222419	0.002289	6	217.82313	-5.552
4	0.802324	0.09746	129.017	0.117081	7.2e-05	0.443504	0.002833	11	401.09288	-8.968
5	0.95991	0.97597	174.959	0.28543	0.026488	0.206802	0.403161	4	407.86621	-6.215
4	0.975297	0.846072	99.943	0.050562	1.7e-05	0.325679	0.006014	2	299.93288	-7.681
4	0.733038	0.145399	94.576	0.080643	0.124466	0.386323	0.000307	4	279.66621	-6.64
4	0.889157	0.340953	145.014	0.040881	6.8e-05	0.365677	0.880574	9	258.33288	-13.614
4	0.954112	0.108348	117.883	0.112769	0.000241	0.478613	0.00648	2	199.22621	-6.99
4	0.61271	0.43889	107.285	0.06752	0.004545	0.245661	0.431711	11	393.9522	-17.701
4	0.804802	0.379729	102.029	0.102004	0.041715	0.297048	0.043705	1	364.25288	-7.537
4	0.560321	0.163252	128.907	0.038904	0.032899	0.630958	0.069389	2	376.58077	-12.657
4	0.606748	0.088153	122.47	0.058546	0.113751	0.344685	0.705356	7	276.19156	-15.869
4	0.768882	0.984577	98.876	0.043075	0.295017	0.695714	0.011207	8	349.94621	-6.685
4	0.963851	0.601094	143.576	0.177157	0.012774	0.294853	6e-06	1	186.53288	-5.748
4	0.90932	0.981639	123.408	0.087953	0.000303	0.352769	0.027589	7	240.37832	-12.051
4	0.566139	0.106401	86.006	0.310137	0.266062	0.664773	0.05928	8	21.05424	-9.776
4	0.432185	0.501421	102.966	0.032869	0.006362	0.406713	0.296822	6	347.76771	-16.115
4	0.965748	0.093119	133.88	0.17655	9.8e-05	0.280142	0.269574	0	285.38621	-3.154
4	0.710466	0.978524	72.346	0.052072	0.00432	0.140215	0.698809	5	391.67955	-13.979
3	0.858157	0.613434	101.984	0.076477	0.002085	0.332138	0.275706	9	173.37424	-15.347
4	0.658295	0.65639	83.357	0.073562	0.002078	0.248515	3.5e-05	11	355.97016	-19.473
4	0.949612	0.650523	122.538	0.146335	0.001352	0.311414	0.07629	7	324.86621	-8.79
4	0.969933	0.76706	114.428	0.114932	0.002285	0.20567	0.006919	11	327.62621	-4.248
4	0.93219	0.950332	114.637	0.075112	0.000204	0.300398	0.974463	9	233.79546	-11.972
4	0.857138	0.688954	96.482	0.048174	6.9e-05	0.303844	0.010737	2	270.91955	-7.397
4	0.85012	0.952387	132.967	0.078211	0.437753	0.301731	0.000262	5	813.29288	-5.925
4	0.810974	0.501711	96.364	0.049921	0.000167	0.377566	0.002645	0	202.14621	-10.916
4	0.886802	0.092158	155.023	0.060277	7.7e-05	0.218563	0.763319	7	197.83946	-8.912
4	0.771376	0.111398	112.255	0.054615	0.000162	0.32047	0.054228	11	355.38599	-10.191
4	0.762766	0.676102	129.952	0.047729	0.001204	0.211483	0.008318	9	392.30621	-5.705
4	0.771997	0.083665	98.058	0.038135	0.00019	0.408158	5.4e-05	0	344.39955	-5.002
4	0.648175	0.090006	117.796	0.036986	0.405929	0.412054	0.198796	8	467.19955	-9.902
4	0.943918	0.356747	153.895	0.088692	8e-06	0.339505	0.016356	9	266.15955	-6.525
5	0.785146	0.133741	101.973	0.067941	0.00041	0.281502	0.677577	1	336.96753	-14.194
4	0.723585	0.973037	124.22	0.063043	0.001055	0.219403	0.168958	10	242.28526	-15.517
4	0.934306	0.352219	146.674	0.061074	0.00177	0.31885	0.812175	9	290.73288	-5.311
4	0.990655	0.157307	101.236	0.144687	0.001862	0.380209	0.000281	5	361.95955	-7.311
4	0.845865	0.074252	101.202	0.02964	0.034275	0.589354	0.001527	6	240.98621	-6.802
4	0.763828	0.306956	140.588	0.040663	0.050611	0.47519	0.0	11	226.13288	-10.71
4	0.977559	0.410319	111.216	0.161924	0.003475	0.469933	1e-06	11	296.30621	-5.485
4	0.967613	0.236457	110.96	0.068544	0.000782	0.533446	0.01668	2	289.91955	-3.96
4	0.872599	0.161447	105.694	0.048541	0.007302	0.703977	0.011293	11	248.37179	-7.227
4	0.978963	0.198656	101.508	0.064907	0.000191	0.337983	0.00236	2	301.05288	-6.326
4	0.853852	0.105173	132.924	0.043221	0.001724	0.490909	0.005646	1	235.27955	-6.128
4	0.626405	0.406874	138.001	0.032351	0.000141	0.486686	0.017852	6	245.79955	-15.185
4	0.93503	0.309483	131.358	0.078055	0.00565	0.497778	0.0	0	197.50621	-7.101
4	0.677374	0.123453	95.117	0.03561	0.000409	0.393178	0.002156	7	326.00009	-13.279
4	0.949325	0.156526	145.183	0.097407	0.000485	0.270989	0.002486	1	171.90621	-5.3
4	0.745376	0.570072	97.84	0.038607	0.000194	0.492277	2.1e-05	7	300.42621	-14.983
4	0.498479	0.120393	120.827	0.055813	0.030668	0.332084	7.1e-05	6	524.65079	-13.5
4	0.612061	0.231731	117.579	0.041096	0.009052	0.287264	0.30062	9	402.03955	-8.878
4	0.842451	0.111349	96.92	0.09238	0.007274	0.469953	0.590959	9	281.55955	-10.189
4	0.997221	0.071175	161.114	0.077843	0.000135	0.273087	0.066678	4	309.25288	-5.239
4	0.62543	0.106756	98.666	0.181709	0.198122	0.442227	2e-06	2	284.01288	-8.731
4	0.680182	0.120466	112.657	0.081955	0.023708	0.279546	0.513744	8	309.02812	-18.902
4	0.882119	0.109212	141.324	0.100853	0.000264	0.373532	0.006487	2	305.34485	-5.902
4	0.715144	0.07687	208.608	0.047966	0.196711	0.149093	0.640025	3	285.04771	-11.126
4	0.941543	0.710383	132.111	0.079339	4.8e-05	0.3737	0.015468	9	196.26621	-4.924
4	0.957693	0.961827	78.31	0.200248	0.044305	0.146973	0.001432	2	594.33751	-6.193
4	0.865025	0.813271	70.299	0.058038	8e-06	0.178453	0.00076	8	239.97601	-8.548
4	0.94748	0.418988	133.113	0.093042	0.002101	0.175332	0.012475	2	724.73288	-3.191
4	0.894786	0.248022	124.453	0.052607	4e-06	0.186929	0.942349	6	177.10975	-18.251
4	0.943203	0.940997	137.812	0.062321	0.001835	0.315608	0.158914	11	323.18621	-4.096
4	0.949091	0.699585	100.419	0.123674	0.154516	0.266798	0.206434	4	429.37288	-4.467
4	0.368104	0.102708	110.48	0.036805	0.044015	0.322601	0.004934	4	480.30621	-16.32
4	0.747165	0.077379	116.891	0.038696	0.000222	0.43481	0.018525	6	326.32776	-12.2
4	0.748523	0.180504	91.279	0.068033	0.004447	0.455511	0.783695	9	289.41016	-19.455
4	0.951215	0.138458	76.9	0.067284	2.6e-05	0.267395	0.382123	6	354.19383	-7.59
4	0.928852	0.358806	106.985	0.055411	0.001545	0.35248	0.000232	4	282.82621	-6.438
4	0.924091	0.61829	145.78	0.080699	0.00362	0.417202	0.002292	9	351.46621	-10.591
4	0.919221	0.430256	107.844	0.036278	0.006343	0.406278	7.3e-05	2	256.13016	-4.174
4	0.320446	0.215668	140.213	0.025328	0.073081	0.514548	0.308059	7	366.47138	-15.867
4	0.991028	0.936718	85.186	0.11579	0.05418	0.199786	2.5e-05	4	257.82812	-2.511
4	0.909061	0.17306	93.994	0.041714	7e-06	0.403793	0.297334	1	187.71546	-15.645
4	0.942906	0.788005	91.847	0.081909	1.8e-05	0.399487	0.930056	10	217.53288	-6.457
4	0.647686	0.393085	112.27	0.061821	0.010272	0.270244	0.271611	7	1139.51955	-8.195
3	0.563365	0.075619	173.322	0.043879	0.733826	0.136789	0.769298	8	214.78621	-11.25
4	0.873306	0.349478	124.858	0.041854	0.00702	0.540764	0.006839	0	270.46621	-9.376
4	0.961489	0.218332	93.825	0.112007	0.000169	0.492133	4.6e-05	7	168.64608	-9.542
4	0.96316	0.907284	133.928	0.188008	0.049143	0.316906	0.662359	5	580.67955	-6.109
4	0.987541	0.904236	142.536	0.105775	0.022785	0.262214	0.003657	7	283.02621	-6.348
4	0.998732	0.150124	147.86	0.161217	0.001627	0.287214	0.527185	8	245.11955	-2.294
4	0.813184	0.239902	115.554	0.058851	0.002925	0.322221	0.455194	8	380.63955	-11.953
4	0.96928	0.055213	205.799	0.268292	0.000421	0.140638	0.255718	9	345.33288	-6.343
4	0.960577	0.985611	140.027	0.091581	0.00023	0.44617	0.000441	0	216.30621	-3.822
4	0.917682	0.295986	88.518	0.067225	0.019127	0.224785	0.0	5	350.97288	-5.882
4	0.717306	0.07443	128.725	0.047813	9.5e-05	0.318111	0.015288	7	215.59683	-10.124
4	0.742326	0.092979	113.921	0.104925	0.014274	0.355262	0.01746	8	400.99955	-13.793
4	0.781111	0.118399	100.918	0.051386	0.236958	0.345202	0.081224	0	381.42803	-6.884
4	0.401695	0.990611	107.816	0.031586	0.842828	0.425824	0.000159	5	223.18975	-7.583
4	0.864042	0.402955	129.046	0.092216	2.6e-05	0.188751	0.010884	4	830.71664	-7.906
4	0.678929	0.055595	100.486	0.030455	0.000112	0.273786	0.041086	11	345.7824	-10.919
4	0.46394	0.10782	123.68	0.039838	0.145051	0.578866	0.870403	6	264.09751	-16.281
4	0.915469	0.083125	104.065	0.041093	4.1e-05	0.411314	0.000261	7	267.34621	-8.922
4	0.883705	0.133844	99.062	0.035041	0.000439	0.601863	0.021388	7	206.42621	-8.34
4	0.951516	0.813073	163.233	0.054683	0.319631	0.1662	0.887602	4	332.38159	-8.2
4	0.995502	0.136301	138.71	0.066996	9.9e-05	0.326121	0.186547	3	207.46621	-2.673
3	0.936848	0.225968	154.53	0.163055	0.000524	0.274143	0.137315	7	296.62621	-6.949
4	0.946316	0.573015	112.675	0.044318	0.000838	0.632791	0.000208	4	234.46621	-3.965
4	0.91242	0.043267	123.935	0.151098	0.000351	0.292621	0.132624	6	289.37252	-6.648
4	0.884159	0.291274	115.113	0.036286	0.006853	0.603292	0.002118	0	283.81288	-5.565
4	0.760432	0.187095	124.147	0.072003	0.002593	0.317127	0.93849	9	628.66621	-11.721
4	0.532965	0.242705	149.75	0.035769	0.027664	0.258518	0.174432	3	303.80943	-11.4
3	0.98633	0.945981	92.349	0.143269	0.194065	0.166058	7e-05	7	311.58812	-4.261
4	0.914172	0.720793	120.083	0.072228	0.001939	0.419245	0.0	5	236.73288	-5.02
4	0.833868	0.150204	171.532	0.202914	0.002666	0.481319	0.349386	2	197.22621	-4.978
4	0.99174	0.980672	113.901	0.147736	6.3e-05	0.24608	0.773433	8	433.02621	-5.393
4	0.19477	0.128078	122.606	0.723927	0.863612	0.564367	0.0	9	922.99955	-22.011
4	0.966311	0.296029	94.809	0.09118	0.000234	0.345823	0.001683	10	409.31955	-4.247
4	0.988536	0.946633	146.181	0.39539	0.001019	0.130873	0.849309	4	315.19955	-5.487
4	0.790682	0.180556	121.251	0.033965	0.015637	0.520103	0.821403	2	206.86322	-11.735
4	0.912691	0.320134	149.48	0.06937	0.000244	0.247735	0.000511	10	310.49955	-11.862
4	0.660167	0.349023	101.395	0.044455	0.000148	0.635898	0.554782	6	255.74354	-16.968
4	0.451145	0.06932	133.224	0.037132	0.361876	0.344008	0.000289	7	346.3717	-11.927
4	0.870109	0.979194	137.364	0.077714	0.001069	0.379683	0.008619	1	648.86621	-5.436
4	0.887516	0.287349	143.912	0.04351	0.000355	0.356058	0.015181	9	291.33288	-8.047
3	0.783429	0.528529	125.039	0.04621	3e-06	0.537556	0.487924	0	222.50621	-11.143
4	0.973835	0.088143	124.239	0.119378	0.002614	0.29412	0.882038	11	276.41252	-4.756
4	0.63511	0.097821	80.367	0.047348	1.4e-05	0.303062	0.238539	8	385.33179	-17.31
4	0.686012	0.096903	148.428	0.042975	5.2e-05	0.351618	0.03815	4	449.59955	-12.554
4	0.70897	0.234736	87.305	0.098176	2.2e-05	0.353212	0.616135	7	220.86485	-17.035
4	0.766749	0.795867	134.078	0.043286	0.000262	0.279032	0.042527	1	456.46621	-6.103
7	0.959728	0.726051	87.17	0.101838	0.001197	0.226298	0.355468	1	329.35138	-7.342
4	0.594264	0.966123	129.837	0.037765	0.00067	0.315473	0.000177	3	603.35955	-9.292
4	0.920285	0.112786	129.973	0.050719	0.001614	0.58368	0.00158	7	187.402	-4.783
4	0.830287	0.084346	113.264	0.050636	0.002468	0.495429	0.006112	10	227.83955	-7.767
4	0.990238	0.965046	107.857	0.097454	0.10728	0.32097	0.002149	6	359.75791	-3.346
4	0.982862	0.089997	178.072	0.094249	6.4e-05	0.258579	0.313587	6	272.78621	-6.06
4	0.926017	0.081211	147.026	0.08691	0.000692	0.328065	0.005313	4	260.99955	-9.042
4	0.686263	0.107922	171.621	0.052612	0.008204	0.18433	0.89646	0	377.88689	-17.98
4	0.735493	0.080129	111.535	0.031495	0.355072	0.425319	0.09434	6	428.79955	-7.337
4	0.604232	0.860556	96.612	0.047827	0.035855	0.295062	0.014341	7	337.37098	-16.789
4	0.806467	0.378117	170.639	0.046931	0.00023	0.27045	3e-06	6	247.49288	-12.435
4	0.95068	0.107257	127.859	0.086873	0.000155	0.332884	0.001026	7	204.35955	-6.469
4	0.753017	0.294959	166.193	0.051713	0.001044	0.377311	0.232101	9	444.07955	-13.893
4	0.859888	0.081874	163.397	0.125569	0.001529	0.318561	0.008165	11	258.19955	-7.914
4	0.178468	0.103	245.457	0.045227	0.002148	0.056132	0.88077	11	196.44036	-26.332
3	0.77213	0.113303	95.951	0.02803	0.003025	0.460867	0.002109	10	334.69288	-5.679
4	0.992463	0.908212	165.336	0.147001	9.7e-05	0.25572	0.2147	1	252.58621	-2.593
4	0.642396	0.12175	87.501	0.062886	0.000157	0.351703	0.634899	11	234.73587	-18.858
4	0.958428	0.966937	135.312	0.080437	0.001714	0.41295	0.024151	1	327.35955	-6.799
4	0.802642	0.079548	79.6	0.038893	0.0187	0.335233	0.000365	5	453.59955	-8.96
4	0.883212	0.211769	181.55	0.051825	0.000152	0.435864	0.000159	7	271.35955	-7.207
4	0.476023	0.161916	109.811	0.032337	0.819102	0.321038	0.911376	6	332.40771	-18.581
4	0.702913	0.35005	95.134	0.059941	0.417026	0.34553	0.0	5	231.8624	-9.625
4	0.890264	0.133	97.213	0.052837	0.001054	0.495208	0.000962	6	258.41288	-6.967
4	0.692093	0.122486	128.561	0.066978	0.001184	0.298216	0.168645	0	572.23955	-15.558
4	0.815842	0.375856	68.612	0.041037	1e-05	0.306589	0.000132	1	228.19955	-11.323
4	0.971823	0.093886	135.376	0.16299	0.000878	0.222096	0.750885	7	451.53288	-4.03
4	0.889184	0.377599	82.612	0.060199	0.001141	0.317796	0.001945	5	272.15955	-11.887
3	0.937824	0.803642	100.561	0.114406	0.000184	0.254046	0.036387	6	281.28608	-6.214
4	0.903077	0.885385	96.938	0.070854	1.3e-05	0.264316	0.52203	1	369.3971	-7.187
4	0.905686	0.119656	136.399	0.052241	3e-06	0.247202	0.902164	4	278.04689	-7.606
4	0.319941	0.471411	96.38	0.032623	0.013336	0.246933	0.3267	9	271.49016	-21.304
4	0.97059	0.098047	111.985	0.179737	2.5e-05	0.26732	0.371003	2	247.30621	-3.948
4	0.976578	0.085544	192.015	0.152153	5.4e-05	0.453951	0.002867	11	253.32925	-6.202
4	0.877856	0.179697	131.832	0.033056	0.001051	0.54069	0.014891	4	198.95955	-9.439
4	0.807352	0.170921	105.605	0.055609	0.188943	0.246232	0.010515	4	593.53288	-8.867
3	0.967778	0.087806	106.452	0.090812	0.0012	0.33215	0.218049	6	240.33288	-6.603
4	0.631601	0.84739	77.862	0.048402	0.000241	0.283392	0.315807	5	251.92444	-18.529
4	0.87061	0.09931	81.267	0.047424	7.6e-05	0.438338	0.24309	5	213.90177	-10.051
4	0.846604	0.107914	111.975	0.055336	0.001934	0.306291	0.000374	1	430.33288	-5.506
3	0.963732	0.149739	163.303	0.076065	4e-06	0.249771	0.159959	2	206.19864	-7.498
4	0.962302	0.377885	124.017	0.081246	1e-06	0.440236	0.16534	1	260.90358	-5.499
4	0.945809	0.027918	92.823	0.075378	1.4e-05	0.347191	0.764623	7	228.58621	-4.906
4	0.569188	0.403435	121.219	0.048004	0.003458	0.346087	5.1e-05	6	351.46621	-14.998
4	0.806647	0.443317	66.213	0.075395	6.4e-05	0.146113	0.499056	10	265.19955	-7.263
4	0.951039	0.440807	121.986	0.073888	4.9e-05	0.269299	0.022608	9	306.28526	-18.348
4	0.964088	0.196026	133.27	0.093418	4e-06	0.488835	0.553425	7	207.66621	-8.103
4	0.913859	0.174324	99.051	0.04845	0.001143	0.296418	0.025223	8	375.99955	-8.265
4	0.896718	0.822351	152.578	0.066588	2.2e-05	0.22988	0.177107	9	643.13288	-9.028
4	0.357813	0.120121	133.016	0.036261	0.127613	0.663208	1.2e-05	2	247.35302	-18.294
4	0.735591	0.884954	130.681	0.124011	0.032112	0.320729	0.02288	3	519.98621	-8.717
4	0.950546	0.880489	158.51	0.165117	0.001201	0.161815	0.007525	9	216.89288	-8.368
4	0.732449	0.958111	116.929	0.050362	0.006939	0.42997	0.000395	8	422.23955	-9.984
4	0.937305	0.818904	133.809	0.055424	0.000285	0.263908	0.685529	1	193.48853	-16.147
4	0.985294	0.372593	169.07	0.077611	5.9e-05	0.266779	0.888345	9	287.55955	-4.082
4	0.521959	0.553165	79.971	0.131731	0.184568	0.204624	2.3e-05	9	277.28934	-17.734
4	0.885695	0.101583	138.094	0.096341	0.095199	0.306121	0.185584	7	358.41288	-9.696
4	0.873228	0.715963	95.401	0.05503	0.000114	0.171738	0.000638	4	401.08363	-7.012
4	0.979412	0.680445	119.113	0.168623	4.7e-05	0.311466	0.122806	7	249.15955	-6.767
4	0.809961	0.112747	84.753	0.050549	0.001686	0.331907	0.001785	6	405.51293	-6.898
3	0.139827	0.107194	142.013	0.036097	0.850005	0.41274	0.754364	4	381.17832	-19.415
4	0.949219	0.268978	146.749	0.112624	0.005726	0.607526	3e-06	7	235.69288	-6.189
3	0.819596	0.305829	143.84	0.04147	1e-05	0.151683	0.372321	8	229.06621	-3.755
4	0.964553	0.067976	107.951	0.047179	3e-05	0.529784	0.182983	2	289.57288	-4.007
4	0.982724	0.687941	115.179	0.052825	0.000977	0.264927	0.859285	1	296.88118	-5.783
4	0.949794	0.118101	90.571	0.050956	8.4e-05	0.498163	0.000773	0	217.90621	-8.81
5	0.513044	0.159904	139.67	0.037708	0.755273	0.189301	0.850756	4	339.77424	-10.333
4	0.991986	0.360179	105.685	0.124544	8e-05	0.367791	0.044148	0	229.63955	-6.05
4	0.546329	0.078122	78.802	0.037068	0.064977	0.182315	0.285445	1	733.37288	-8.252
4	0.84262	0.13782	157.659	0.090925	0.030701	0.307398	1.4e-05	9	256.54621	-5.892
4	0.948402	0.876133	143.443	0.17457	0.002622	0.185186	0.812756	4	303.20281	-5.85
4	0.81696	0.978765	135.243	0.050798	0.003755	0.295178	0.00186	9	329.69288	-11.958
4	0.805348	0.965042	150.603	0.087917	0.001487	0.276429	0.091993	6	505.99955	-7.522
4	0.379738	0.412109	130.733	0.076709	0.764389	0.188466	0.039022	9	423.73179	-17.563
4	0.902612	0.066284	91.274	0.060424	3e-06	0.16205	0.494232	1	301.3366	-12.278
4	0.893196	0.111208	94.382	0.042962	0.000689	0.48096	0.033958	11	273.65288	-6.305
4	0.908879	0.976182	82.262	0.32389	0.000656	0.280168	0.005742	1	342.50621	-9.291
4	0.970173	0.636146	178.344	0.24108	0.004518	0.400093	0.000897	9	177.8819	-6.427
4	0.914827	0.074596	96.875	0.047777	1.9e-05	0.24247	0.103424	11	267.62621	-7.298
4	0.955963	0.363554	145.203	0.081663	4e-06	0.282567	0.011247	9	286.60354	-6.346
4	0.974422	0.893383	159.615	0.092231	8e-06	0.165361	0.539078	6	281.21288	-6.467
4	0.984049	0.341685	89.602	0.193231	6.3e-05	0.243115	0.229033	2	316.52526	-3.486
4	0.997943	0.328584	114.272	0.134537	2.3e-05	0.298611	0.680196	10	211.19955	-4.95
4	0.958606	0.074913	122.414	0.078494	5.2e-05	0.231497	0.321395	2	151.39955	-8.456
4	0.959224	0.39876	90.633	0.163745	0.003501	0.36382	0.155492	8	221.65723	-7.859
3	0.9048	0.089911	98.211	0.069092	2.2e-05	0.207035	0.874666	4	523.65288	-6.288
4	0.793563	0.40146	104.713	0.05803	0.003511	0.419263	0.125816	6	211.73288	-11.884
4	0.818802	0.073956	120.423	0.070478	0.029042	0.396281	0.101254	7	282.61288	-10.711
4	0.944051	0.24177	132.153	0.065724	0.000119	0.374233	1.1e-05	2	184.05288	-7.552
4	0.872929	0.390586	96.311	0.158622	0.000287	0.300638	0.563492	11	383.90621	-10.26
4	0.861983	0.218468	115.098	0.058825	0.000915	0.481696	0.000364	0	850.49288	-7.274
4	0.959248	0.709037	106.109	0.075187	0.101162	0.427385	0.001784	5	291.70621	-7.043
4	0.975865	0.144111	181.406	0.133527	3.1e-05	0.127696	0.622402	4	383.06621	-9.084
4	0.490874	0.264427	125.323	0.045142	0.439292	0.371459	1e-06	4	289.80259	-12.897
4	0.995959	0.942995	136.264	0.158967	0.170043	0.221787	0.064694	7	324.96281	-2.932
4	0.735372	0.358297	88.161	0.065249	0.000182	0.283202	0.004529	9	298.57914	-17.243
4	0.805549	0.240022	112.633	0.098005	0.001055	0.302343	5e-06	4	275.42621	-11.463
4	0.672022	0.467067	142.498	0.049253	0.060171	0.229609	0.424722	8	432.53506	-10.298
4	0.867508	0.313033	141.668	0.086527	0.058136	0.154941	0.001123	3	205.54259	-6.047
4	0.564649	0.056079	182.898	0.042112	0.021296	0.212443	0.01283	10	348.58621	-13.705
4	0.888297	0.296876	91.407	0.047053	0.000189	0.214096	0.571282	2	286.27719	-5.155
4	0.537831	0.204131	137.331	0.049237	0.269989	0.559612	1e-06	9	319.79955	-12.889
4	0.861579	0.561958	77.197	0.062411	0.005838	0.231114	0.007126	11	339.23955	-3.226
4	0.668108	0.315299	90.274	0.042241	0.149626	0.266838	0.026909	11	539.53261	-7.762
4	0.942417	0.056193	97.456	0.06625	0.000134	0.531133	0.000785	4	220.95955	-4.229
4	0.847993	0.581565	202.456	0.09554	8e-06	0.099902	0.361569	0	447.12599	-10.653
3	0.940531	0.146177	104.146	0.101732	1e-05	0.357759	0.086417	2	263.77288	-6.539
4	0.654218	0.056968	87.041	0.03532	0.001943	0.597163	0.053508	2	350.75955	-7.524
4	0.982341	0.954306	104.801	0.1416	0.000293	0.212574	0.116246	11	277.06621	-5.079
3	0.919959	0.097504	105.008	0.140116	0.000131	0.218118	0.288566	2	623.49288	-5.742
4	0.927183	0.369444	115.533	0.138542	0.006978	0.244583	5e-06	7	253.33288	-5.642
3	0.988696	0.068388	112.658	0.135934	1.6e-05	0.28054	0.157494	6	217.03955	-6.459
4	0.880049	0.849955	112.015	0.043667	0.320481	0.50889	0.000163	0	239.66621	-7.256
4	0.618242	0.638177	119.902	0.042222	0.41668	0.455993	1e-06	10	335.04608	-11.24
4	0.886541	0.199075	97.537	0.05076	0.003184	0.386646	0.667959	7	358.03955	-5.909
4	0.977168	0.840914	89.685	0.180002	0.000384	0.245633	0.005594	6	301.06621	-4.536
4	0.895005	0.048287	76.551	0.056548	0.057835	0.465514	0.000759	11	325.49288	-9.685
4	0.892974	0.071686	91.585	0.10816	0.002212	0.460468	0.040653	9	470.95955	-7.978
4	0.860449	0.207357	137.451	0.081632	0.00022	0.320566	0.071354	4	237.18621	-5.921
4	0.987148	0.905232	165.422	0.210839	0.00029	0.136402	0.001074	0	327.07955	-3.284
4	0.81084	0.970244	75.499	0.044481	0.002148	0.363874	0.001668	4	272.99955	-7.546
3	0.825624	0.941934	106.474	0.053306	0.000893	0.256444	0.401095	9	656.66621	-9.33
1	0.979027	0.295429	174.784	0.132871	0.001836	0.294654	0.694441	9	446.28707	-6.138
4	0.895839	0.069478	139.133	0.077787	4e-06	0.287972	0.560568	11	348.04354	-12.98
4	0.647389	0.116524	90.11	0.061853	0.009487	0.219253	0.05249	10	349.36118	-18.167
4	0.759078	0.323279	127.581	0.045289	8e-06	0.380051	0.039897	6	560.03955	-6.154
3	0.992599	0.724802	142.674	0.229891	0.243387	0.275241	7e-06	7	205.24363	-3.252
4	0.811906	0.080817	155.618	0.060211	0.00141	0.198984	0.044485	0	572.21179	-12.716
4	0.817282	0.121213	92.925	0.04659	0.006687	0.279034	0.051678	7	453.19955	-9.353
4	0.941324	0.348858	112.982	0.064264	1.1e-05	0.224799	0.812081	4	364.22621	-11.821
4	0.49916	0.059648	147.253	0.034785	0.000628	0.203783	0.00185	1	538.02621	-10.056
4	0.688921	0.121103	116.723	0.032123	0.004107	0.491633	0.260138	7	364.59955	-8.099
4	0.945355	0.059516	135.086	0.079697	0.009948	0.43174	0.001518	11	230.66658	-5.151
4	0.749529	0.198734	180.072	0.048847	0.005205	0.457336	0.002734	2	253.56621	-8.069
4	0.871466	0.371708	83.033	0.068917	0.000201	0.345126	0.115165	11	230.9366	-9.533
4	0.944019	0.87053	98.016	0.093261	0.000573	0.353925	8e-06	3	309.70621	-4.596
4	0.919163	0.236394	84.23	0.085406	0.000365	0.181003	0.529185	9	553.98122	-5.245
4	0.966517	0.05839	96.679	0.15086	5.2e-05	0.288238	0.017887	2	406.99955	-4.067
4	0.985008	0.123395	101.863	0.101336	8e-06	0.225425	0.917928	11	191.37261	-10.188
4	0.957047	0.292751	109.788	0.055757	6e-06	0.334774	0.654628	3	476.75166	-5.326
4	0.800701	0.348336	100.191	0.074627	0.20921	0.188725	0.884215	4	338.58621	-9.194
4	0.930508	0.456016	83.051	0.07361	3.3e-05	0.429722	0.690732	6	188.09556	-7.179
4	0.898212	0.954975	95.039	0.03954	5.1e-05	0.369177	0.099879	1	557.73288	-7.389
4	0.947293	0.954218	130.942	0.114042	3.4e-05	0.209328	0.180624	8	415.08054	-7.61
3	0.855154	0.346113	165.681	0.041423	2e-06	0.101027	0.893216	1	367.71075	-6.562
4	0.957123	0.602716	126.806	0.053091	0.000113	0.506116	0.003803	3	350.75955	-7.858
4	0.963938	0.842696	141.191	0.103323	4e-06	0.23454	0.654572	9	306.73288	-5.72
4	0.955311	0.466561	109.408	0.069922	0.000142	0.349504	0.021743	4	491.66621	-10.154
4	0.990863	0.152477	96.546	0.08555	1e-06	0.428839	0.884713	2	225.46531	-4.257
4	0.471946	0.310714	88.53	0.143867	0.01457	0.451221	0.001627	5	154.38322	-21.155
4	0.955046	0.391685	141.484	0.108049	1e-05	0.443789	0.078943	9	258.82621	-9.05
4	0.979237	0.035675	87.844	0.090308	0.000443	0.372809	0.084952	7	224.49587	-4.199
4	0.996929	0.073217	110.283	0.162998	0.00024	0.252549	0.728909	6	170.71265	-4.568
4	0.888551	0.085778	128.932	0.056085	8.9e-05	0.403194	0.242244	2	202.49288	-11.504
4	0.835727	0.22178	132.096	0.040857	8e-06	0.317307	0.078005	7	254.73288	-11.568
4	0.882388	0.753822	136.957	0.065674	0.001615	0.282134	0.001293	7	849.42621	-8.799
4	0.985833	0.786407	133.398	0.11056	0.000298	0.350918	0.002378	4	278.07302	-4.173
3	0.82067	0.995463	127.325	0.064777	4e-06	0.301653	0.368745	6	174.58621	-16.824
4	0.925105	0.971694	96.476	0.207399	0.000483	0.227671	0.102843	6	357.67973	-10.905
4	0.869611	0.378566	134.693	0.108607	0.000103	0.261627	0.218999	9	295.24127	-9.509
4	0.977006	0.854082	163.541	0.263892	0.000191	0.264698	0.002064	5	311.43955	-5.197
4	0.503408	0.113663	135.163	0.033912	0.012163	0.452672	1e-06	9	257.45288	-7.321
4	0.939445	0.102271	129.107	0.05193	0.251788	0.371726	1.5e-05	10	265.75955	-9.422
4	0.937847	0.890617	170.161	0.145468	2.7e-05	0.151383	0.907483	4	321.22621	-5.367
3	0.907372	0.432746	182.556	0.077068	0.000157	0.090101	0.864898	8	219.84608	-13.504
4	0.981943	0.237424	163.455	0.240036	7.9e-05	0.289607	0.012825	6	393.39955	-7.086
1	0.964002	0.11903	92.783	0.196891	8.8e-05	0.171305	0.026589	7	294.49288	-6.707
4	0.734443	0.120113	88.311	0.080075	0.000975	0.182384	0.702868	6	397.66159	-17.137
4	0.871802	0.580276	95.065	0.079107	8.2e-05	0.153491	0.706455	0	555.93288	-4.909
4	0.977925	0.794431	105.287	0.121244	0.000307	0.152703	0.410267	11	323.11955	-5.136
4	0.977989	0.646355	107.534	0.199248	0.003159	0.333782	0.359544	6	493.73288	-4.374
4	0.415501	0.055696	120.037	0.039221	0.720646	0.620325	0.894287	0	443.50621	-12.096
4	0.23546	0.245334	105.493	0.031756	0.008356	0.336795	0.246662	4	514.37669	-19.299
4	0.807105	0.669725	86.557	0.04055	0.000119	0.357183	0.041227	9	268.53288	-9.355
4	0.423217	0.451641	98.954	0.046966	8e-06	0.401087	0.6257	4	308.73556	-22.451
3	0.891596	0.159429	135.0	0.268753	5e-06	0.237327	0.703026	7	361.19955	-8.404
4	0.99465	0.967291	120.298	0.150766	4e-06	0.323595	0.774895	11	302.39955	-6.71
4	0.991351	0.358293	162.245	0.068595	0.003451	0.29422	0.289982	8	297.59955	-7.064
4	0.81352	0.087182	123.441	0.043702	0.00013	0.237527	8.1e-05	4	321.35955	-6.431
3	0.791049	0.144958	156.073	0.060106	0.004677	0.287229	0.047248	9	591.30621	-9.585
4	0.906229	0.214616	100.811	0.078821	0.013139	0.40439	0.017077	4	205.79955	-6.066
4	0.896297	0.145254	129.875	0.082457	4.3e-05	0.268469	0.899648	8	486.71955	-5.482
4	0.785619	0.297412	113.431	0.051655	0.000835	0.196206	0.154179	2	275.73288	-10.132
4	0.912632	0.368565	96.017	0.059968	0.000583	0.503353	0.055961	8	328.97288	-7.293
4	0.918661	0.143576	119.542	0.08352	4e-06	0.219142	0.002124	8	227.45288	-5.376
4	0.616223	0.103963	115.465	0.05342	0.001516	0.300723	0.90678	2	287.7122	-18.177
4	0.933758	0.349017	132.335	0.133578	2.9e-05	0.430089	0.675015	1	223.89288	-5.347
4	0.844367	0.110615	140.548	0.055162	1.2e-05	0.361279	0.596613	5	321.63955	-5.752
4	0.956183	0.927874	69.101	0.156025	0.001147	0.09964	0.659223	7	493.93741	-7.066
4	0.674879	0.09745	119.725	0.066301	0.006885	0.523729	0.001692	1	258.03955	-9.187
4	0.957937	0.04116	81.125	0.111901	0.000183	0.235135	0.004735	9	288.53288	-5.541
4	0.985363	0.966484	130.086	0.146695	0.052175	0.240985	0.001367	9	352.11066	-3.526
3	0.898708	0.141394	143.119	0.084502	9.1e-05	0.283456	0.003204	9	336.71955	-5.084
3	0.942312	0.17321	192.649	0.091768	1.4e-05	0.134481	0.948848	2	187.37587	-6.814
4	0.855759	0.530794	121.944	0.050009	0.000631	0.548132	0.168942	4	372.87955	-7.879
4	0.864343	0.086488	160.825	0.05902	0.000125	0.264574	0.866073	9	178.46621	-12.371
4	0.641496	0.560985	94.429	0.053823	0.056579	0.212607	0.151714	6	449.64526	-12.342
4	0.951032	0.908124	91.447	0.152647	0.000521	0.298595	0.0	1	322.34621	-8.825
4	0.954372	0.379829	178.682	0.116434	0.037671	0.294572	0.01263	5	281.55955	-5.002
4	0.976109	0.105538	124.254	0.062053	0.000148	0.561676	0.000658	9	313.58621	-3.874
4	0.917606	0.71019	139.799	0.061734	7.3e-05	0.267666	0.002931	1	277.45288	-6.053
4	0.941894	0.234152	185.547	0.104	0.002498	0.155206	0.003835	0	255.99955	-5.732
4	0.867544	0.367733	93.805	0.127421	0.006048	0.242334	0.062208	2	558.95029	-12.579
4	0.940772	0.157859	159.053	0.25507	0.00074	0.211917	0.107053	2	299.22621	-10.561
4	0.985904	0.083308	117.33	0.204026	0.001112	0.315273	0.146499	9	245.19955	-6.25
4	0.506007	0.092899	132.104	0.045616	0.21158	0.543471	0.234995	4	253.51791	-17.383
4	0.906088	0.69008	91.993	0.113449	0.000261	0.540946	0.890282	7	281.02621	-6.913
4	0.840797	0.98422	133.914	0.070481	0.000245	0.20289	0.068462	2	393.74621	-6.793
4	0.753791	0.300952	148.688	0.041294	3.6e-05	0.523463	0.48797	4	225.67955	-14.268
4	0.714578	0.337609	138.822	0.060757	0.000138	0.37304	0.771896	4	339.99955	-12.921
4	0.988424	0.900839	178.908	0.198971	0.000121	0.210119	0.771106	8	208.19955	-3.407
4	0.912651	0.688714	153.003	0.133103	0.121096	0.321348	0.141378	2	215.70621	-6.863
4	0.476275	0.172037	102.815	0.033504	3e-06	0.394258	0.098148	2	155.03628	-20.518
4	0.896319	0.127686	145.249	0.062013	0.002926	0.229662	0.347959	1	459.96363	-5.322
4	0.930785	0.517565	161.001	0.079019	1e-06	0.241546	0.990651	7	519.29288	-7.935
4	0.920606	0.065996	80.887	0.174058	9.6e-05	0.17832	0.203228	9	397.76608	-7.685
3	0.960762	0.087329	112.224	0.120295	5e-06	0.251963	0.005627	11	231.86621	-7.675
4	0.989528	0.684823	117.421	0.173121	3e-06	0.173679	0.797505	11	366.86621	-5.098
4	0.980763	0.627927	106.8	0.190115	0.000247	0.292111	0.132007	6	390.29288	-5.24
4	0.954912	0.115264	123.091	0.178533	0.005337	0.339449	0.011478	8	511.86621	-10.001
4	0.993538	0.984851	167.079	0.270112	0.006873	0.136526	0.653029	1	334.06621	-5.897
4	0.931144	0.069105	105.057	0.135952	0.189269	0.314175	0.016594	6	207.17288	-9.248
4	0.444701	0.279359	83.475	0.06405	0.029215	0.362517	0.615167	9	281.20771	-16.702
4	0.963704	0.336475	87.141	0.20067	6.7e-05	0.223122	0.011789	2	306.95293	-5.591
4	0.420261	0.399778	93.929	0.049276	0.000331	0.389301	0.348769	4	346.01556	-24.078
4	0.958661	0.091605	129.625	0.047213	0.000122	0.442211	0.106388	6	261.22621	-5.085
4	0.875428	0.536813	125.3	0.066262	0.011566	0.282943	0.371071	9	406.06621	-7.563
3	0.57352	0.346067	78.614	0.078906	0.000668	0.116577	0.634107	4	357.02957	-12.629
4	0.930482	0.115055	155.744	0.062562	2e-06	0.163138	0.740728	9	266.43955	-4.281
4	0.949034	0.547751	109.075	0.107648	0.000463	0.314098	0.008283	8	202.69288	-5.767
3	0.978105	0.121475	163.464	0.189825	0.001536	0.231863	0.114565	9	432.86621	-9.758
4	0.906761	0.139117	147.407	0.13818	0.000611	0.286554	0.906666	11	323.70621	-6.086
4	0.92377	0.412693	123.907	0.133101	0.000405	0.288317	0.001117	4	398.57288	-6.674
4	0.912708	0.340142	179.23	0.053451	0.000302	0.188659	0.160427	7	303.49288	-8.677
4	0.951755	0.152659	137.209	0.095777	8.1e-05	0.308665	0.00474	0	319.12599	-6.596
4	0.641183	0.081993	145.878	0.078757	0.000737	0.357032	0.000338	9	170.99955	-13.14
4	0.967852	0.408152	119.297	0.119478	2.2e-05	0.182916	0.000169	4	169.61288	-4.371
4	0.662366	0.895466	78.781	0.039261	0.378846	0.394536	0.159469	2	390.63465	-13.919
4	0.829996	0.911515	119.166	0.151787	0.000199	0.390886	0.007271	11	215.62621	-11.545
4	0.884754	0.128205	96.33	0.086773	1.3e-05	0.22011	0.001731	9	196.3707	-9.706
5	0.72477	0.39023	132.483	0.068684	0.00024	0.350748	0.023364	2	480.70485	-19.297
4	0.631166	0.115927	145.447	0.027578	0.13543	0.253982	0.001695	3	374.26621	-5.746
4	0.731072	0.789883	90.361	0.058932	0.33814	0.183652	0.747708	4	239.62621	-11.982
3	0.950232	0.129799	181.317	0.263981	3e-06	0.15442	0.415106	2	222.35383	-4.375
4	0.958373	0.232135	109.344	0.10057	4e-06	0.274778	0.455437	2	291.85288	-6.843
4	0.973907	0.96096	131.998	0.122793	8e-06	0.505625	0.412818	7	308.35955	-7.123
4	0.929942	0.181978	144.59	0.124739	3.4e-05	0.446378	0.570307	11	315.66621	-13.594
4	0.611406	0.243795	89.096	0.043776	0.082992	0.299097	0.11784	1	357.85098	-17.737
4	0.98094	0.145644	127.397	0.124587	2.6e-05	0.206192	0.702184	2	155.13288	-6.028
4	0.862954	0.797713	103.344	0.046468	0.035894	0.461219	5.5e-05	9	220.86621	-5.65
4	0.558163	0.134198	208.089	0.173272	0.029646	0.236599	2.2e-05	10	361.70621	-13.645
4	0.791117	0.414241	166.518	0.053036	0.001465	0.287983	3e-06	9	219.89288	-11.141
4	0.77629	0.972754	107.568	0.068617	0.002965	0.236427	0.279805	6	447.75955	-8.591
4	0.680361	0.160853	99.37	0.033453	0.003915	0.27063	0.051974	0	328.57288	-7.92
4	0.872501	0.29016	94.695	0.080447	0.001928	0.489411	0.00022	5	183.21088	-7.016
4	0.873633	0.876017	89.258	0.077161	0.00065	0.429396	0.008283	9	257.39955	-7.849
4	0.923497	0.6957	172.477	0.095676	2.2e-05	0.131639	3.7e-05	6	336.89288	-6.721
4	0.858774	0.229231	112.893	0.071371	1e-06	0.228527	0.779877	2	269.37288	-8.287
4	0.972364	0.985973	134.443	0.068456	0.000928	0.184236	0.335463	8	354.06821	-9.944
5	0.977033	0.96134	179.138	0.421844	0.000598	0.163854	0.476549	4	360.63955	-3.624
4	0.699252	0.068591	107.999	0.036705	0.001596	0.348872	0.688702	4	431.39955	-14.629
4	0.892611	0.263456	144.563	0.070676	0.000109	0.130261	0.710116	8	283.58621	-5.772
4	0.981748	0.759484	98.403	0.088503	1.9e-05	0.222289	0.492262	11	186.61832	-7.651
4	0.807432	0.105222	117.706	0.0477	6e-05	0.564385	0.74393	6	457.57288	-10.449
4	0.646739	0.420767	123.051	0.033271	0.011103	0.562781	0.00608	11	292.75383	-17.955
4	0.674231	0.102621	146.29	0.049827	0.011876	0.588647	0.00024	4	287.23955	-10.918
4	0.991293	0.982234	165.781	0.167538	2e-06	0.136993	0.747512	11	269.61288	-5.237
4	0.898431	0.423102	164.529	0.076352	1e-06	0.135103	0.67488	4	205.60934	-9.746
4	0.925833	0.36693	120.516	0.101103	0.039335	0.331543	0.001479	2	225.82621	-6.314
4	0.90503	0.427835	123.554	0.08444	0.000911	0.271211	0.001713	3	316.27955	-4.525
4	0.857365	0.160768	117.191	0.05808	0.006236	0.236644	0.029867	3	354.77288	-6.211
4	0.273953	0.084005	59.809	0.036203	0.017984	0.267617	0.006308	10	357.99932	-11.95
4	0.534933	0.253811	138.57	0.032352	0.08205	0.325501	0.686495	2	656.13288	-8.674
4	0.895073	0.317928	105.808	0.051193	0.018293	0.537907	2.7e-05	7	248.17288	-8.983
3	0.830673	0.068368	178.648	0.087833	0.015155	0.13797	1.5e-05	9	310.34621	-5.557
4	0.874547	0.610409	100.501	0.051886	0.003857	0.329838	0.007673	4	201.15955	-8.732
1	0.937073	0.06179	133.517	0.05943	0.011074	0.333655	0.001739	5	168.2049	-9.931
1	0.996813	0.425391	138.837	0.096049	0.00556	0.135454	0.88029	4	359.81596	-9.837
4	0.935315	0.133905	127.332	0.115401	0.000322	0.420452	0.001239	7	210.31955	-3.942
4	0.934302	0.721726	136.896	0.05756	0.000145	0.374284	0.057073	4	254.29007	-5.394
3	0.865745	0.563597	113.693	0.058299	0.000129	0.356268	0.038419	4	313.43955	-8.271
4	0.836566	0.047077	137.574	0.085093	0.002864	0.340962	0.020468	7	413.05288	-8.003
4	0.99542	0.09832	164.028	0.125528	8e-06	0.190725	0.06893	1	184.01288	-3.977
4	0.955026	0.18134	119.705	0.06332	0.009709	0.235954	0.043225	4	231.79955	-6.902
4	0.816597	0.288497	125.284	0.05141	0.006865	0.516872	0.0	4	231.74639	-7.695
4	0.674118	0.328504	192.433	0.040768	0.206096	0.20904	0.0855	7	250.97288	-12.571
4	0.972822	0.951293	99.003	0.063694	4.9e-05	0.45981	0.297235	7	277.53288	-6.378
4	0.652096	0.447972	110.83	0.041674	2.2e-05	0.189499	0.847725	4	429.99955	-10.793
4	0.838906	0.064263	163.737	0.045988	0.042873	0.435697	0.001049	9	242.22621	-12.201
4	0.904297	0.270298	115.219	0.102112	0.000377	0.309791	6.1e-05	7	171.55955	-10.783
4	0.994651	0.868679	128.022	0.144785	0.001391	0.210323	0.509816	1	327.99955	-3.743
4	0.898027	0.437307	94.434	0.049808	0.000134	0.461748	0.674508	1	450.42621	-10.659
4	0.823513	0.325451	85.204	0.085747	0.008961	0.316508	0.026101	6	352.70621	-7.734
4	0.714986	0.149852	107.803	0.043087	0.050316	0.524775	0.050294	9	283.99955	-7.748
4	0.897902	0.264008	84.894	0.07451	6.8e-05	0.115683	0.848065	2	359.35156	-7.005
4	0.932875	0.36632	90.338	0.048347	7.9e-05	0.33071	0.95707	4	245.86621	-5.516
4	0.809167	0.344031	106.596	0.0544	0.002444	0.509197	0.035576	10	202.9971	-17.777
4	0.909858	0.085434	190.384	0.072075	7.7e-05	0.204784	3.1e-05	0	329.16458	-8.984
4	0.876564	0.873644	130.16	0.063321	0.000153	0.373538	0.021339	5	671.82621	-9.7
4	0.811662	0.377808	163.649	0.072904	0.114776	0.090406	0.868514	3	236.30621	-10.043
3	0.924278	0.158124	176.625	0.080505	1e-05	0.340145	0.115477	1	408.05288	-3.734
4	0.879304	0.152312	132.122	0.035791	0.000126	0.575027	5.1e-05	9	223.86621	-13.011
4	0.399633	0.078045	89.532	0.043695	5.3e-05	0.100233	0.954043	11	245.31546	-21.655
4	0.929941	0.09333	136.081	0.051779	9.3e-05	0.369338	0.013064	1	297.29265	-9.105
4	0.990246	0.361332	128.749	0.203657	3e-06	0.3359	0.582053	1	264.79991	-5.004
3	0.764149	0.357632	105.09	0.069292	0.159406	0.323827	0.536999	4	1214.51955	-7.368
4	0.990146	0.079108	134.987	0.057563	0.001189	0.481139	0.247361	8	315.55955	-4.043
4	0.87258	0.08969	127.004	0.05441	2.8e-05	0.295421	0.113339	11	383.7122	-17.619
4	0.581049	0.360031	132.964	0.033022	0.028661	0.498115	0.61921	8	243.9571	-17.534
4	0.967838	0.083729	171.795	0.131621	8e-06	0.200704	0.804768	11	223.99955	-9.045
1	0.940771	0.146526	144.713	0.066817	0.028048	0.331763	0.81246	4	250.20036	-10.901
4	0.951362	0.127004	126.026	0.079475	0.000178	0.524706	0.00226	11	235.50621	-5.213
4	0.901303	0.329909	165.027	0.106724	0.000167	0.09986	0.000551	11	259.06621	-10.607
4	0.953947	0.856175	104.485	0.105751	4.2e-05	0.249315	0.119163	7	401.33288	-9.261
4	0.965714	0.050795	135.182	0.069712	1.1e-05	0.517416	0.823653	1	321.79955	-5.881
4	0.8087	0.295249	179.338	0.080659	9e-06	0.069777	0.850983	9	381.85288	-6.396
4	0.842634	0.147799	95.438	0.083651	3e-06	0.180109	0.824702	0	287.59955	-12.63
4	0.943897	0.127275	107.707	0.046066	0.000191	0.48926	0.003553	11	304.75955	-6.08
4	0.994719	0.176928	104.041	0.068699	0.000303	0.286895	0.808194	0	194.70621	-2.875
4	0.974754	0.731256	98.922	0.0774	0.349926	0.224488	0.692666	1	287.37288	-1.388
4	0.90887	0.080058	123.001	0.053154	0.014499	0.575222	0.000278	3	357.47955	-6.111
4	0.962375	0.118376	139.336	0.082803	0.000161	0.144797	0.007254	0	261.62621	-5.134
4	0.912499	0.052205	106.046	0.117963	0.000126	0.316423	0.637916	0	384.28689	-5.975
4	0.658648	0.225455	126.449	0.045933	0.000101	0.371079	0.902499	5	297.66621	-12.09
4	0.940368	0.094259	92.52	0.038611	0.000351	0.51366	0.172696	9	195.87955	-8.785
4	0.996473	0.139812	120.491	0.099461	2.3e-05	0.312461	0.104789	6	244.06159	-5.086
4	0.94111	0.255423	148.886	0.136317	0.000126	0.211861	0.005681	2	323.73288	-8.799
4	0.908501	0.757079	155.302	0.124098	0.002715	0.446591	0.000955	7	442.56608	-6.04
4	0.962803	0.410764	133.057	0.055251	5e-06	0.43422	0.821274	9	251.94621	-4.451
4	0.930743	0.165283	77.028	0.087277	0.035129	0.195388	4.3e-05	4	368.97288	-7.786
4	0.874774	0.376079	95.969	0.05654	0.005312	0.230683	0.006022	1	378.22621	-4.892
4	0.864928	0.698014	109.05	0.06646	0.000143	0.306842	0.228686	2	186.82621	-7.177
4	0.428105	0.109993	143.904	0.036022	0.37137	0.315123	0.000259	2	231.30621	-11.885
4	0.994198	0.197041	99.543	0.069866	9e-06	0.363082	0.152621	2	326.82621	-6.511
4	0.876795	0.279331	101.963	0.028875	0.006902	0.511865	0.143897	1	272.56118	-7.147
4	0.672541	0.084041	127.514	0.03775	1.3e-05	0.471913	0.883706	7	663.99955	-9.521
4	0.792334	0.096958	116.736	0.053357	0.000458	0.283597	6e-06	9	295.42621	-8.218
4	0.95231	0.065267	99.356	0.194075	4.7e-05	0.355897	0.086711	9	223.82621	-5.772
4	0.813234	0.148735	84.752	0.106843	1.2e-05	0.234354	0.393853	11	299.92599	-13.284
3	0.941987	0.068695	114.207	0.089293	2.5e-05	0.336263	0.015887	0	464.39955	-4.794
5	0.943015	0.405337	147.808	0.08629	5e-06	0.374389	0.638858	5	262.94231	-5.63
4	0.872655	0.535234	129.074	0.046902	0.443138	0.500162	0.000507	4	216.87955	-6.744
3	0.849566	0.297469	77.506	0.071538	9e-06	0.395824	0.745014	8	273.88757	-12.051
4	0.975321	0.265659	93.158	0.090806	0.002409	0.477082	0.000101	8	299.51955	-7.84
4	0.801443	0.548536	97.144	0.035414	0.004512	0.528046	8.4e-05	9	328.39955	-6.005
4	0.764414	0.133802	127.706	0.052526	9.8e-05	0.440521	0.552841	4	375.97995	-13.117
4	0.848963	0.051492	142.716	0.099562	0.005395	0.383937	1e-06	6	287.97288	-4.513
4	0.852748	0.18798	152.424	0.036434	0.003886	0.416481	0.0	10	205.83955	-7.499
4	0.838577	0.458209	155.876	0.06962	0.705097	0.163463	0.322841	6	271.93288	-12.078
4	0.942675	0.074062	77.718	0.076231	2.1e-05	0.261909	0.141331	11	343.70132	-4.287
4	0.937877	0.079219	100.841	0.073611	0.000199	0.270245	0.877438	8	348.21288	-5.301
4	0.83548	0.091628	103.237	0.042702	3e-05	0.347524	0.824659	10	448.49288	-8.395
4	0.935063	0.987673	109.86	0.101579	7e-06	0.313899	0.003961	9	212.29288	-9.102
4	0.713704	0.120732	128.706	0.056806	0.031826	0.391305	0.709996	2	365.21751	-14.894
4	0.922984	0.405872	94.491	0.069885	0.015368	0.346308	8e-06	3	222.13288	-7.77
4	0.94519	0.073253	135.308	0.137597	0.001713	0.291236	0.007299	9	170.19955	-6.204
4	0.965957	0.715348	86.344	0.059245	4.5e-05	0.358115	0.008207	4	307.26621	-7.558
3	0.754694	0.056971	87.157	0.061781	0.001682	0.200869	0.610168	10	194.87302	-14.903
4	0.971823	0.54338	101.351	0.167639	0.000846	0.221745	0.510482	1	296.81288	-5.803
4	0.846408	0.279338	152.218	0.04665	0.046885	0.465243	0.067989	11	189.99955	-8.638
4	0.968818	0.197648	139.047	0.16048	9.4e-05	0.32195	0.00239	6	250.91955	-7.056
4	0.860312	0.151426	141.923	0.041874	0.033568	0.33889	0.065469	4	260.38621	-5.623
1	0.994377	0.844411	143.215	0.08287	0.32832	0.125443	0.408955	10	391.44154	-7.65
4	0.973571	0.159136	189.278	0.149922	0.000263	0.264944	1e-06	7	235.37288	-4.874
4	0.991804	0.062549	150.622	0.161125	9e-06	0.262729	0.034392	6	174.75873	-5.33
4	0.554313	0.111511	134.31	0.052574	0.032783	0.397117	0.001111	1	325.02766	-12.736
4	0.887431	0.143216	118.578	0.07752	1e-05	0.204263	0.036926	3	446.77288	-4.561
4	0.910136	0.121942	76.235	0.049079	0.002881	0.088757	0.79474	9	149.99955	-8.284
4	0.988065	0.856935	116.512	0.219534	0.000123	0.300358	0.163521	8	467.55955	-6.17
4	0.88918	0.931402	135.467	0.17735	0.000194	0.15136	0.892907	2	490.38621	-6.943
4	0.953955	0.310545	199.691	0.113493	0.000247	0.089143	0.003008	1	200.07955	-5.541
4	0.91737	0.073017	190.917	0.048291	1.9e-05	0.376876	0.034812	6	248.74621	-4.663
4	0.947914	0.98484	102.506	0.047465	0.000278	0.386145	5.5e-05	11	234.93288	-8.342
4	0.634971	0.077961	89.882	0.048873	0.162864	0.209234	0.058407	11	388.76844	-11.757
4	0.967865	0.140243	138.055	0.109112	1.1e-05	0.419377	0.791832	1	230.3415	-8.307
4	0.932617	0.775658	97.549	0.085808	0.003115	0.200529	0.408903	8	304.47955	-5.789
4	0.865542	0.28328	101.963	0.072228	0.00746	0.392729	0.005035	6	290.5219	-11.199
4	0.984953	0.390504	104.917	0.150118	0.000701	0.211035	0.91774	4	294.82621	-3.001
4	0.322775	0.102455	100.172	0.030561	0.378917	0.265883	2e-06	3	242.29288	-10.823
4	0.996096	0.07898	128.078	0.252402	0.004228	0.38616	9e-06	2	385.03955	-3.159
4	0.860521	0.326804	116.797	0.10927	0.005226	0.417104	0.047106	6	326.93288	-10.124
4	0.995254	0.273918	93.036	0.093179	0.001571	0.358565	0.0	7	147.82621	-4.868
4	0.901201	0.335331	121.512	0.096831	0.001339	0.401127	0.025893	0	267.93288	-8.242
4	0.810424	0.154781	165.11	0.070012	0.008402	0.250696	0.039878	11	463.75955	-7.998
4	0.931091	0.836424	117.125	0.09092	2.7e-05	0.194326	0.008829	3	230.24281	-4.371
4	0.970632	0.122659	98.107	0.157263	0.000132	0.254192	0.868822	4	393.03955	-5.196
4	0.961415	0.170103	112.954	0.092299	0.019741	0.238462	4e-06	1	316.62621	-3.51
4	0.657731	0.07465	117.832	0.041761	0.000448	0.267996	1.6e-05	11	467.92866	-11.257
4	0.983256	0.65994	106.157	0.131385	0.00017	0.236032	0.545999	2	197.66621	-5.359
4	0.997669	0.282543	115.023	0.091651	8e-06	0.237708	0.875747	1	442.73288	-5.68
3	0.897963	0.400641	200.655	0.049982	0.004034	0.183656	0.782681	10	147.98322	-14.945
4	0.758497	0.424688	101.454	0.237358	0.004717	0.318861	0.096803	11	292.59955	-12.68
4	0.763314	0.655185	126.071	0.115593	0.004472	0.230873	0.001532	2	271.39438	-11.327
4	0.640124	0.280627	84.518	0.057914	0.318494	0.632967	0.0	6	216.45288	-7.009
4	0.954461	0.073434	209.275	0.107078	0.000696	0.176823	0.246108	2	245.80599	-6.523
4	0.907133	0.407857	121.299	0.069297	2.3e-05	0.200195	0.902657	8	250.13288	-6.307
4	0.505092	0.06902	131.903	0.038792	0.009849	0.279014	0.066384	9	434.83955	-12.678
4	0.846002	0.333416	144.809	0.066093	0.001201	0.249753	0.891551	7	297.55955	-7.789
4	0.616957	0.79502	94.275	0.047833	0.008544	0.204725	0.114994	9	508.09288	-9.217
4	0.990702	0.144108	111.44	0.151935	0.000216	0.256688	0.719226	1	174.28853	-5.051
4	0.607478	0.150146	128.997	0.039084	0.001365	0.335127	0.075542	11	342.44172	-11.95
4	0.981211	0.960215	125.458	0.093704	0.001468	0.346379	0.367967	0	288.15628	-4.74
4	0.930738	0.166251	143.884	0.072229	5.8e-05	0.29834	0.037311	9	515.79955	-6.484
4	0.648769	0.116691	139.521	0.044373	3e-06	0.224679	0.548405	7	325.69424	-15.204
4	0.716208	0.096762	132.247	0.027833	0.000153	0.573792	0.72381	1	389.73533	-9.428
4	0.641285	0.425581	140.639	0.05796	0.004139	0.409285	0.399796	8	293.59955	-14.902
4	0.825976	0.367968	173.448	0.050085	0.06244	0.124662	0.003958	3	269.02621	-10.338
4	0.944601	0.540421	139.917	0.114422	0.005223	0.392627	2.5e-05	2	241.06621	-9.38
4	0.661892	0.26075	129.169	0.078353	0.006656	0.394612	0.035862	1	402.1024	-18.04
4	0.927759	0.956901	147.331	0.075968	0.000311	0.248965	0.000663	8	350.45288	-4.946
4	0.831204	0.901042	99.609	0.06768	0.000214	0.268824	0.003015	4	449.74621	-5.548
4	0.814094	0.104412	143.642	0.348879	0.001787	0.299275	0.322539	8	416.37288	-15.092
4	0.926196	0.325785	172.674	0.101352	0.188492	0.255932	0.0	0	328.62621	-6.432
5	0.987947	0.105179	193.158	0.14773	4e-05	0.244168	0.161481	4	353.2215	-5.793
4	0.958869	0.144906	162.895	0.062439	0.000147	0.230084	0.103344	1	274.35955	-9.467
4	0.807944	0.998498	91.48	0.037205	0.001449	0.422393	0.043231	8	383.50621	-10.696
4	0.976576	0.087466	97.973	0.164084	3.2e-05	0.250221	0.002355	0	308.54621	-4.379
4	0.974759	0.215025	117.509	0.163043	3.3e-05	0.345076	0.655282	6	178.11955	-5.378
4	0.91391	0.080255	83.348	0.076045	2.8e-05	0.170526	0.484205	2	294.6	-15.447
4	0.684167	0.207219	140.531	0.063788	0.010265	0.746515	0.000445	7	338.79955	-8.273
4	0.958777	0.05776	137.888	0.075302	0.004045	0.411765	0.000732	1	299.78621	-4.018
4	0.795077	0.091009	162.195	0.102325	0.010269	0.26446	2e-06	10	254.98077	-9.949
4	0.725415	0.956176	127.733	0.042053	1.7e-05	0.2328	0.264021	1	602.62621	-9.412
4	0.699978	0.154878	125.867	0.046987	0.001887	0.543756	2.9e-05	8	192.29288	-12.895
4	0.6714	0.661837	89.658	0.075585	0.085279	0.180708	0.07239	1	540.08118	-11.226
4	0.888072	0.168399	92.494	0.072117	2.1e-05	0.228405	0.672737	9	247.40526	-9.871
4	0.448117	0.957396	102.227	0.037524	0.017786	0.473466	0.046125	2	323.35955	-22.94
4	0.622214	0.981158	123.579	0.050646	4.8e-05	0.407989	0.24509	7	187.63156	-21.488
4	0.976965	0.962545	148.043	0.320138	3.5e-05	0.174468	0.920949	2	229.03955	-4.932
4	0.77273	0.116906	115.922	0.067196	6.1e-05	0.175403	0.00424	1	278.88281	-19.915
4	0.950372	0.098148	79.688	0.085935	2e-06	0.132894	0.923449	7	183.17288	-10.607
4	0.95244	0.756981	140.745	0.118897	1.1e-05	0.140318	0.875291	2	539.55955	-5.604
4	0.805372	0.859654	116.934	0.070869	0.035194	0.182996	0.289189	6	276.81288	-8.945
4	0.997735	0.320957	109.774	0.205249	4.9e-05	0.368804	0.217003	10	148.79955	-3.127
4	0.993187	0.195749	152.21	0.087245	0.00751	0.249696	0.609668	8	274.43955	-3.434
3	0.875597	0.256687	120.284	0.13407	0.001186	0.234468	0.889662	5	215.50621	-8.524
4	0.720926	0.488821	172.793	0.046439	0.000548	0.33223	0.009643	4	263.39955	-10.126
1	0.988035	0.869617	187.922	0.057696	0.000551	0.157177	0.952289	1	185.38766	-9.413
4	0.89418	0.095179	169.247	0.07605	6e-06	0.212681	0.57072	2	278.05288	-5.839
4	0.993911	0.346908	100.558	0.244407	0.001056	0.253778	0.012485	8	215.66621	-3.826
4	0.985733	0.347534	98.705	0.244407	3e-06	0.302869	0.781144	10	121.50621	-3.207
4	0.974678	0.126668	136.965	0.111774	2e-06	0.257114	0.499208	1	238.58621	-4.033
4	0.559578	0.133459	140.955	0.040822	0.270905	0.368362	0.00173	0	194.09288	-11.321
4	0.986825	0.580921	89.155	0.136301	4e-06	0.135063	0.019048	0	244.41279	-3.995
4	0.989441	0.061764	140.138	0.098364	8.8e-05	0.515128	0.015612	3	223.74703	-5.608
4	0.708165	0.142249	120.44	0.038424	1.2e-05	0.202283	0.881425	11	618.91955	-6.811
4	0.908715	0.181521	124.142	0.058319	0.001475	0.543505	0.003006	6	296.63456	-6.814
4	0.832097	0.046076	144.505	0.091653	0.002963	0.47607	0.014638	5	247.39955	-6.343
4	0.980169	0.231128	75.228	0.141363	0.000209	0.06934	0.000435	1	184.37288	-3.422
4	0.939244	0.950213	96.987	0.082014	0.001624	0.296602	0.005411	2	454.10621	-7.502
4	0.908419	0.072783	132.839	0.052681	0.00021	0.422133	0.027425	9	215.29288	-10.332
4	0.967003	0.940329	140.034	0.068436	4.8e-05	0.498017	1e-06	11	211.09506	-5.756
4	0.826133	0.306221	151.468	0.117374	0.070108	0.719031	3e-06	9	143.02621	-7.446
4	0.982484	0.920431	97.377	0.150353	1.6e-05	0.146303	0.714065	11	354.86621	-5.427
4	0.860701	0.181906	131.633	0.076281	0.012161	0.32056	0.006751	3	308.72925	-9.91
4	0.833411	0.102775	118.64	0.065452	0.003528	0.370591	0.012515	8	419.94404	-7.243
4	0.942835	0.346393	154.174	0.094098	7.4e-05	0.386505	0.034847	0	325.79955	-4.336
4	0.89809	0.07775	133.019	0.072481	0.01204	0.501615	0.0	7	239.39955	-5.816
4	0.923998	0.304398	145.428	0.109697	4.8e-05	0.300445	0.433791	0	296.03374	-6.617
4	0.934677	0.300174	152.375	0.057019	0.001385	0.320991	0.236933	0	142.0419	-11.611
4	0.838937	0.071998	130.854	0.062014	4.5e-05	0.273698	1.1e-05	1	265.54621	-8.059
4	0.8052	0.401168	111.438	0.075498	0.000118	0.424976	0.021896	8	190.49288	-8.592
4	0.872148	0.195045	123.007	0.054954	5.4e-05	0.459319	0.717578	11	415.01288	-12.271
4	0.960213	0.108428	96.246	0.073158	6.1e-05	0.352606	0.002257	9	271.11955	-3.087
4	0.947829	0.250849	155.757	0.057328	0.00313	0.139824	0.572473	6	267.23955	-8.55
4	0.907354	0.089026	123.643	0.045215	0.00154	0.571885	0.000687	4	263.52281	-6.377
4	0.913193	0.263991	145.879	0.062378	1.3e-05	0.234758	0.878293	9	227.33288	-7.39
4	0.869841	0.341629	146.2	0.066686	1e-06	0.156142	0.246027	4	393.54884	-10.17
5	0.944695	0.102448	197.134	0.228053	0.000272	0.254116	0.066471	1	292.10658	-7.041
4	0.787793	0.385328	132.477	0.069483	0.034158	0.400386	0.018042	6	202.75955	-3.116
4	0.957621	0.193412	177.983	0.086673	0.010308	0.312204	0.000241	0	305.99211	-5.827
4	0.995328	0.263705	105.725	0.127858	0.000262	0.392271	0.013269	10	142.99955	-4.6
4	0.898099	0.258693	145.152	0.105166	0.046429	0.220626	0.360586	7	310.55955	-4.848
4	0.985964	0.16181	127.654	0.154609	7e-06	0.469228	0.641847	2	183.01288	-4.696
4	0.88107	0.373805	104.932	0.042167	8.5e-05	0.491235	0.138793	3	271.15057	-6.3
3	0.818534	0.112315	136.039	0.066987	4e-05	0.217889	0.819037	9	496.83955	-12.401
4	0.46947	0.151492	84.721	0.03549	0.357628	0.311	0.910974	5	403.04281	-22.134
4	0.972042	0.382195	133.995	0.090782	0.00096	0.334898	8e-06	4	218.86662	-3.594
3	0.810729	0.109872	164.668	0.073872	0.000881	0.232646	0.487502	2	598.11229	-7.854
4	0.547752	0.585981	109.324	0.052	2e-06	0.160623	0.902831	4	425.06621	-9.213
4	0.987865	0.044865	102.865	0.077605	0.001487	0.490865	0.080451	11	295.01288	-5.57
4	0.9177	0.191104	150.532	0.060625	2.9e-05	0.304702	0.338112	4	272.50893	-9.49
4	0.671982	0.331667	131.063	0.062985	0.001183	0.355765	0.001768	2	224.75955	-13.934
5	0.790093	0.443282	112.651	0.278989	0.002096	0.326877	0.320522	8	393.39202	-14.424
3	0.774446	0.061075	84.864	0.04881	0.002779	0.219101	0.007243	6	670.09288	-6.815
4	0.530126	0.330498	125.842	0.037257	0.163048	0.25179	0.068188	8	407.35955	-11.883
4	0.448432	0.131868	84.815	0.050227	0.011269	0.234385	7.7e-05	0	259.47383	-18.574
4	0.699706	0.388262	110.893	0.109575	0.06371	0.44123	3.9e-05	9	239.93288	-15.003
4	0.982627	0.09169	98.028	0.080483	0.000406	0.452811	0.682909	4	228.66621	-7.384
4	0.955935	0.229764	129.682	0.072848	0.000227	0.544671	0.002158	9	207.14621	-5.402
4	0.443334	0.587555	111.502	0.039544	0.808841	0.285072	0.756005	0	346.22649	-16.342
3	0.803447	0.309139	146.01	0.03435	0.005916	0.43809	2e-06	0	392.46621	-5.412
4	0.823422	0.236125	102.057	0.036213	0.07253	0.512476	0.76182	10	311.51846	-10.026
4	0.910188	0.094039	98.377	0.041263	0.000153	0.373576	4.2e-05	1	306.09288	-6.026
4	0.999026	0.495216	109.193	0.188007	0.014928	0.351346	0.014981	8	247.26621	-2.033
4	0.954377	0.381989	81.035	0.083356	0.00062	0.41022	0.013729	8	267.4673	-6.875
4	0.825312	0.167227	130.93	0.050434	0.000199	0.536551	3.1e-05	6	250.99202	-16.063
1	0.872557	0.14954	197.288	0.091765	0.000697	0.24274	0.083779	1	415.31166	-11.347
4	0.621184	0.127981	125.431	0.030758	0.039454	0.399819	0.001408	0	316.53288	-9.681
4	0.858035	0.149507	149.83	0.049905	0.004256	0.402225	6e-06	9	408.73288	-9.312
4	0.948219	0.244752	148.811	0.139242	2.6e-05	0.31432	0.788361	6	258.58621	-6.184
4	0.60363	0.167296	107.295	0.099565	0.374962	0.516737	0.867555	2	302.44526	-10.373
4	0.866738	0.289581	134.316	0.050063	3.7e-05	0.404498	0.043446	11	342.19955	-7.184
4	0.97364	0.155048	125.955	0.174646	2.8e-05	0.333426	0.101709	9	441.27156	-8.526
4	0.712581	0.100663	98.142	0.032097	0.004468	0.339878	9.6e-05	9	229.03977	-8.326
4	0.972913	0.58007	100.853	0.089099	0.0006	0.322856	0.818587	8	226.27955	-5.805
4	0.720628	0.551128	95.413	0.068211	0.085328	0.273847	0.044482	6	222.87628	-19.615
4	0.899532	0.920972	102.772	0.097569	0.002463	0.282861	0.04846	2	656.81088	-6.841
4	0.988979	0.261767	105.507	0.120644	3.6e-05	0.31429	0.046722	0	343.91955	-5.155
4	0.92035	0.260297	103.809	0.083392	0.000401	0.298893	0.186608	8	397.19955	-8.375
4	0.978449	0.308212	80.026	0.084362	5.4e-05	0.255129	0.040918	9	297.81868	-10.636
4	0.75642	0.092545	146.528	0.048525	0.00168	0.397011	0.000548	1	186.49288	-12.275
4	0.878879	0.271098	149.269	0.05174	0.000254	0.29513	0.811354	10	355.54349	-8.864
4	0.748389	0.489541	138.086	0.061962	0.282881	0.295164	0.387672	1	325.73197	-14.073
4	0.950762	0.120072	131.165	0.071218	0.001544	0.284663	0.001928	11	300.77288	-11.233
4	0.931895	0.849576	180.177	0.128737	9.8e-05	0.136166	0.730343	9	499.79955	-9.846
3	0.868471	0.201001	115.373	0.059394	0.000325	0.425567	0.003052	8	219.01016	-4.121
4	0.980208	0.297558	129.235	0.046742	4e-06	0.359559	0.115096	2	205.15955	-12.123
4	0.89357	0.255975	155.377	0.067661	0.002294	0.35623	0.56478	2	240.23955	-10.497
4	0.834485	0.111135	110.756	0.058143	8e-06	0.207399	0.918023	9	516.71955	-6.254
4	0.969727	0.115772	105.77	0.123323	2.8e-05	0.257526	0.008484	11	319.79955	-5.791
4	0.845116	0.289517	145.678	0.048377	5.2e-05	0.503749	0.050761	6	423.27619	-10.165
4	0.882161	0.602944	80.034	0.066167	0.003471	0.603937	0.000624	0	252.77288	-5.279
4	0.893552	0.277565	153.045	0.07191	0.004898	0.234703	0.74625	1	352.13288	-9.723
4	0.943664	0.054139	146.012	0.099667	0.000134	0.362435	0.627011	9	370.9151	-6.086
4	0.955555	0.5808	68.283	0.192683	0.001011	0.132704	0.057763	11	200.55955	-7.093
4	0.757193	0.11737	97.352	0.056578	0.000556	0.324048	3.4e-05	5	244.77288	-14.341
4	0.989758	0.933668	76.918	0.159355	5.6e-05	0.164194	0.209569	11	204.70621	-2.92
4	0.915186	0.282997	148.354	0.070229	2.5e-05	0.327038	0.030401	11	338.85288	-4.776
4	0.784851	0.142356	102.586	0.082941	0.000295	0.297897	0.000162	11	217.94204	-8.619
4	0.853105	0.102736	75.731	0.050874	0.002481	0.418739	0.034117	0	279.09179	-14.672
4	0.908345	0.216117	132.811	0.1195	0.001123	0.2555	0.000247	9	264.72444	-8.431
4	0.976908	0.165232	129.926	0.118089	0.000757	0.420759	0.261618	5	129.19955	-2.961
4	0.787324	0.282444	81.914	0.136738	0.084024	0.359112	0.062269	9	289.36662	-13.054
4	0.654225	0.07606	98.299	0.027295	0.388219	0.602264	2e-06	8	262.22621	-8.515
4	0.987388	0.173466	174.275	0.220759	0.003248	0.158674	0.002948	4	445.75955	-4.752
4	0.969135	0.112292	176.24	0.205365	2e-06	0.165747	0.018876	1	206.38621	-7.293
4	0.671084	0.090346	73.114	0.052811	1.1e-05	0.342108	0.003908	7	279.05696	-10.316
4	0.950277	0.465942	122.158	0.050445	0.004973	0.471595	0.000287	8	275.97288	-9.368
4	0.988082	0.253414	116.37	0.079637	0.000196	0.298412	0.687281	2	160.9922	-3.163
4	0.939276	0.098291	142.471	0.066801	0.003145	0.268035	0.907746	9	342.75955	-6.746
4	0.690877	0.17354	138.379	0.051875	0.060815	0.312648	0.0	11	281.4254	-7.487
4	0.97961	0.918258	94.001	0.072753	1e-05	0.401262	0.272824	1	299.39955	-5.241
4	0.794482	0.185055	84.984	0.04689	0.000476	0.420927	0.859488	9	346.43546	-19.124
4	0.977247	0.111859	111.839	0.047613	0.005649	0.573354	0.000797	0	199.99955	-4.398
4	0.971835	0.21081	111.693	0.0601	0.000969	0.385684	0.02321	7	242.66621	-5.19
4	0.976937	0.052349	152.252	0.127928	7e-06	0.328004	0.046944	8	359.67955	-7.731
3	0.98969	0.966738	104.222	0.140155	0.209012	0.263336	6.2e-05	7	270.00118	-3.156
4	0.989505	0.061866	102.375	0.109201	7e-05	0.313309	0.005259	7	414.93288	-4.639
4	0.953165	0.10726	175.143	0.223997	0.00119	0.150374	0.058107	9	411.65288	-5.303
4	0.97666	0.303389	102.191	0.079295	0.001231	0.245234	0.043076	6	236.10621	-6.527
4	0.973073	0.10062	128.024	0.069707	0.006347	0.543426	0.048199	11	291.93288	-6.498
4	0.882223	0.122623	131.698	0.246613	0.09004	0.38215	0.0	0	229.43302	-5.311
7	0.334732	0.085631	104.193	0.037059	0.00354	0.269197	0.901773	7	976.3522	-10.151
4	0.801323	0.076995	101.016	0.049582	0.000776	0.568878	0.226575	9	234.55932	-9.255
4	0.501176	0.122196	74.639	0.076295	0.002657	0.316682	0.566255	8	400.01261	-21.699
4	0.930702	0.947369	103.933	0.059573	0.018071	0.191016	0.033484	4	242.17288	-10.782
4	0.838501	0.123438	86.069	0.057243	0.071403	0.213733	0.001615	2	696.69986	-5.684
4	0.971049	0.159643	146.169	0.06903	5e-06	0.425141	0.831557	6	179.57288	-8.223
4	0.61905	0.644801	72.992	0.120742	0.000392	0.077704	0.000614	5	423.33288	-16.702
4	0.679276	0.19865	117.656	0.034907	0.018163	0.684968	3e-06	1	29.99955	-8.809
4	0.924771	0.271559	151.838	0.038052	3.7e-05	0.363817	0.019698	1	311.84354	-4.911
4	0.768599	0.368175	77.204	0.05651	2.4e-05	0.294226	0.0115	0	252.26404	-19.488
3	0.825801	0.119723	175.356	0.054751	0.000139	0.315855	0.08612	4	324.47955	-11.148
4	0.945825	0.311502	109.904	0.037412	0.000217	0.471026	0.034695	6	121.41669	-16.792
4	0.985152	0.845488	106.209	0.082382	1.1e-05	0.266472	0.045627	2	358.26621	-7.947
3	0.942547	0.298115	133.715	0.10092	0.011479	0.197469	0.648187	0	290.79955	-7.886
4	0.731779	0.17667	84.059	0.051513	0.001352	0.335287	0.000226	9	264.29288	-10.391
4	0.669033	0.135145	127.453	0.029859	1.7e-05	0.519511	0.111729	2	363.89288	-9.46
4	0.995409	0.373837	104.963	0.090423	0.371185	0.173359	0.284794	3	279.47955	-7.624
4	0.936826	0.777169	157.844	0.100454	0.021157	0.182751	0.008966	6	318.39156	-10.905
1	0.514073	0.094949	101.444	0.107846	0.092645	0.350619	0.027631	5	309.49832	-18.276
4	0.411785	0.421504	99.039	0.050156	1.9e-05	0.134766	0.667506	2	218.27156	-23.786
4	0.918094	0.081119	92.359	0.112594	0.000203	0.287923	0.657025	8	322.26621	-12.713
4	0.804359	0.250273	100.075	0.049176	0.000361	0.310437	0.551188	9	357.60435	-9.839
4	0.948027	0.337753	133.088	0.077894	0.001319	0.31193	0.101313	10	195.95955	-7.974
4	0.91169	0.982959	115.7	0.086155	1.7e-05	0.220264	0.771163	5	236.56444	-18.111
4	0.998107	0.071834	98.595	0.118181	0.000127	0.312489	0.000324	9	204.43955	-4.206
4	0.97602	0.888667	106.251	0.198265	0.025203	0.410393	0.557748	7	207.22621	-5.455
4	0.993234	0.360347	105.134	0.077394	0.018186	0.410277	0.836912	1	188.42621	-5.041
4	0.536823	0.934715	100.804	0.042949	0.537326	0.292673	0.032349	11	487.19955	-14.249
4	0.988032	0.753957	93.992	0.088147	0.00031	0.400177	0.030945	7	282.87955	-5.0
4	0.894336	0.152225	137.654	0.057204	3.6e-05	0.145663	0.856121	6	360.59955	-6.328
4	0.836062	0.080577	120.342	0.04014	2e-05	0.525792	0.265608	1	246.54322	-8.482
4	0.802556	0.119622	91.016	0.041474	0.340697	0.217799	0.414	4	445.46621	-8.006
4	0.801685	0.039924	77.993	0.046458	2.5e-05	0.39784	0.160615	6	290.55955	-10.727
4	0.830033	0.129954	94.413	0.050828	0.000124	0.474899	0.026081	4	461.86621	-11.927
4	0.695049	0.195124	73.933	0.073968	4.3e-05	0.22342	0.785917	1	351.45098	-20.345
4	0.741548	0.097217	103.521	0.068515	2.5e-05	0.340203	0.150763	7	242.95293	-12.788
4	0.525188	0.05483	181.157	0.040282	0.004359	0.219242	0.011191	4	364.01587	-14.535
4	0.954846	0.344248	87.04	0.083214	2.4e-05	0.454537	0.02652	1	264.26621	-3.928
4	0.960718	0.310166	162.016	0.066007	9.6e-05	0.502685	0.755286	0	363.72853	-6.028
4	0.915486	0.82581	139.024	0.106702	6.3e-05	0.273988	0.407662	1	269.97288	-7.355
4	0.837852	0.092057	84.617	0.087471	2.5e-05	0.2575	0.724762	4	362.92744	-6.385
4	0.944884	0.145426	120.176	0.059978	0.000444	0.423348	0.159493	3	611.99955	-5.474
4	0.992984	0.958372	126.738	0.11802	0.002334	0.29494	0.960923	1	256.57288	-8.11
4	0.977351	0.118611	76.989	0.099443	3.5e-05	0.365601	0.845434	11	262.84943	-8.693
3	0.879337	0.16974	144.089	0.050474	0.003257	0.471706	0.76668	1	269.39955	-6.589
4	0.933998	0.285596	149.828	0.267284	0.003349	0.364656	1e-05	11	324.81288	-5.882
3	0.9233	0.531578	93.794	0.051008	3e-06	0.131496	0.025363	6	180.70621	-8.071
4	0.760155	0.318384	123.244	0.048689	0.000658	0.383245	0.025229	9	339.09288	-8.31
4	0.946571	0.038753	132.76	0.066262	0.000504	0.32956	1e-06	1	146.26621	-6.277
4	0.946134	0.697151	147.755	0.131489	0.000235	0.165102	0.331554	11	296.33261	-7.529
4	0.971097	0.059537	160.74	0.048406	4.2e-05	0.448288	0.623423	4	329.7317	-6.578
4	0.951388	0.351671	148.03	0.083554	7e-06	0.402776	0.815229	10	276.10621	-3.319
4	0.929028	0.318216	132.031	0.050402	6e-06	0.316615	0.771187	7	297.75955	-5.01
4	0.734964	0.236637	109.1	0.048491	0.026017	0.417658	0.44913	2	214.05288	-8.94
4	0.98356	0.116459	93.051	0.108291	8e-06	0.286473	0.006395	1	227.54068	-6.942
4	0.968233	0.97639	161.599	0.13768	9.4e-05	0.257299	0.530501	1	447.71955	-5.982
3	0.500267	0.437315	102.737	0.038013	0.000406	0.337811	0.512706	2	228.96281	-19.54
4	0.989429	0.685208	113.529	0.105149	1e-05	0.216448	0.237231	6	282.86503	-4.23
3	0.981368	0.106828	116.193	0.134757	0.000334	0.561029	0.000352	6	326.26621	-7.199
4	0.547011	0.063248	80.403	0.026687	0.000953	0.392699	0.007201	4	356.82068	-10.366
4	0.989339	0.03924	139.151	0.068634	1.8e-05	0.448187	0.367584	2	266.99955	-6.363
4	0.998649	0.34057	142.466	0.128537	4e-06	0.139345	0.012152	11	416.97288	-4.114
4	0.924198	0.318281	99.778	0.113662	4.5e-05	0.315711	0.005023	1	207.43955	-7.177
3	0.530855	0.17721	96.311	0.034369	0.400634	0.391094	0.00088	2	333.99955	-10.138
4	0.989973	0.061203	148.516	0.085895	0.000977	0.531017	0.026644	0	221.63955	-4.672
4	0.469501	0.117781	197.901	0.034205	0.193907	0.270216	0.951051	9	241.60608	-21.747
4	0.985628	0.071152	139.865	0.06175	0.000231	0.485606	0.004485	3	305.89288	-4.271
4	0.464961	0.473039	129.478	0.040943	0.048399	0.236153	0.000105	6	277.35955	-12.004
4	0.977008	0.023638	99.1	0.090223	0.003443	0.260729	0.104186	4	348.05288	-5.571
4	0.927885	0.477033	126.11	0.040599	0.001725	0.450402	0.424244	2	188.66621	-3.319
4	0.791997	0.062425	169.829	0.072977	0.001321	0.208557	0.017896	0	337.87955	-6.764
4	0.911439	0.648165	83.043	0.066088	0.021104	0.222256	0.646262	2	255.13751	-16.554
4	0.921692	0.612294	113.677	0.099307	0.000446	0.289325	0.214045	9	379.26621	-5.951
1	0.991602	0.96219	144.287	0.070148	0.246166	0.130336	0.760321	10	421.16308	-11.826
4	0.875382	0.93955	114.287	0.058703	0.00149	0.166694	0.000304	6	326.15955	-7.461
4	0.932622	0.153537	131.15	0.141434	2.5e-05	0.206375	0.790216	7	280.70621	-13.514
4	0.700872	0.24182	152.442	0.030081	0.014247	0.325913	0.000275	10	341.26621	-8.012
4	0.482006	0.096849	160.831	0.032367	0.000101	0.276291	0.68418	2	290.89288	-11.69
4	0.956458	0.139855	129.723	0.044081	7.6e-05	0.50392	0.590143	6	269.81542	-2.945
3	0.964056	0.249021	112.18	0.089274	3e-06	0.181693	0.897949	5	166.02222	-5.269
4	0.965143	0.310485	129.187	0.092681	0.001485	0.383649	0.004847	7	184.34621	-5.221
4	0.857425	0.335703	179.919	0.074545	0.000103	0.204186	0.024744	7	334.59955	-5.53
4	0.864053	0.101376	94.926	0.065751	6.8e-05	0.306016	0.003945	4	393.83619	-6.915
4	0.896737	0.318967	134.229	0.047457	0.049254	0.342435	0.011787	2	310.14621	-4.575
4	0.916234	0.371056	150.97	0.041141	1.5e-05	0.386556	0.000918	1	345.43955	-3.976
4	0.816926	0.170025	131.771	0.042044	0.001684	0.327718	2.5e-05	6	264.66621	-5.188
4	0.614422	0.201305	85.645	0.02966	0.037885	0.495399	7e-06	7	236.97288	-12.512
4	0.965932	0.065043	96.377	0.071113	0.002844	0.430974	0.488596	1	215.31955	-5.662
4	0.720417	0.064143	171.96	0.083179	0.00015	0.243879	8.1e-05	1	244.21288	-11.413
4	0.986436	0.106964	76.903	0.055809	0.000124	0.2397	0.834986	6	185.57342	-10.402
4	0.938412	0.863031	113.863	0.112976	4.5e-05	0.1609	0.703286	9	513.71782	-5.558
4	0.52389	0.156343	99.369	0.031297	6e-06	0.308035	0.016669	2	281.15546	-18.311
4	0.950388	0.180109	152.31	0.073616	0.001845	0.422685	0.000667	7	258.62621	-6.711
4	0.924381	0.047338	178.225	0.072255	3.8e-05	0.258071	0.145537	4	209.03138	-8.164
4	0.984112	0.056779	139.282	0.149001	2e-06	0.163494	0.139035	10	380.43955	-5.489
4	0.96795	0.500308	148.845	0.073162	3.4e-05	0.242625	0.198895	2	306.31955	-4.349
4	0.970533	0.270546	131.968	0.076732	6e-06	0.254017	0.766797	3	249.85288	-6.947
4	0.909656	0.078807	131.911	0.072699	3.5e-05	0.649389	0.510171	6	230.55955	-6.987
4	0.965549	0.070757	92.981	0.043738	0.001256	0.501524	0.52431	9	240.97288	-7.894
4	0.568323	0.194252	88.379	0.032286	0.069662	0.509332	0.000526	0	384.28689	-17.251