1	0.271382	0.260716	66.403	0.032113	0.74453	0.335842	0.18254	7	518.13832	-17.315
4	0.702564	0.110461	117.904	0.051541	8.7e-05	0.220847	0.007869	0	521.09288	-9.984
4	0.587081	0.300772	118.095	0.044642	0.28	0.376528	0.168254	10	296.99955	-14.175
4	0.748492	0.37951	76.028	0.071614	0.037368	0.356172	1e-06	4	260.96281	-14.975
4	0.462577	0.106562	148.127	0.024347	0.275356	0.464355	4e-06	5	300.06907	-10.116
4	0.806931	0.268749	134.575	0.058864	0.031033	0.718788	0.144302	9	225.42621	-9.699
4	0.831593	0.988892	136.37	0.047154	0.055363	0.427883	1.2e-05	2	549.57288	-8.494
4	0.324631	0.095769	137.951	0.032865	0.77469	0.649862	0.005927	11	243.53914	-18.547
4	0.941658	0.97978	110.321	0.058964	0.343292	0.633194	0.088595	9	323.17288	-6.846
3	0.406788	0.450803	107.758	0.288626	0.499466	0.454217	0.0	11	128.35955	-19.573
4	0.70446	0.223793	128.046	0.05227	0.287288	0.494852	0.002501	9	418.91955	-11.696
1	0.158434	0.122112	79.684	0.038716	0.416138	0.377907	0.163038	4	292.75383	-21.625
4	0.868351	0.903408	136.502	0.114732	0.394538	0.322117	0.009388	5	544.25288	-11.372
4	0.235511	0.131035	71.604	0.042245	0.812836	0.460725	0.000438	0	222.17098	-17.279
4	0.310241	0.229108	143.316	0.049066	0.231926	0.389617	1e-06	0	354.69288	-13.157
4	0.314852	0.378465	120.791	0.049695	0.73924	0.502663	0.001705	7	321.07955	-13.827
4	0.143993	0.097416	78.214	0.03401	0.981615	0.323453	0.000224	0	208.63955	-15.987
4	0.585335	0.113347	113.523	0.054279	0.001012	0.422847	0.093171	8	239.71374	-12.833
3	0.619752	0.050016	80.978	0.048256	0.463814	0.486334	0.000711	2	517.17179	-8.586
4	0.78293	0.981468	135.435	0.09078	0.321066	0.306908	0.032007	10	608.99955	-11.165
4	0.734533	0.157382	95.329	0.026236	0.044061	0.468843	0.730539	0	394.79955	-8.532
4	0.623672	0.353587	129.773	0.047275	0.657349	0.468607	0.0	4	394.09288	-5.63
4	0.893222	0.114714	99.324	0.045715	0.00231	0.371089	0.091129	9	274.41288	-5.9
4	0.968123	0.756301	129.963	0.086289	0.001891	0.405972	0.0	6	241.65288	-4.857
4	0.88838	0.069998	128.473	0.033326	0.236795	0.62579	9.5e-05	0	230.95955	-6.576
4	0.583634	0.273204	122.526	0.0536	0.008239	0.454885	0.000893	5	395.32517	-9.827
4	0.902407	0.421173	135.617	0.042504	0.007362	0.367846	0.001138	4	297.39955	-7.788
4	0.486277	0.568201	78.176	0.04372	0.208719	0.581136	0.000481	9	298.73587	-16.323
4	0.722689	0.819332	105.83	0.054185	0.05037	0.458724	0.040767	0	328.99955	-14.13
4	0.756051	0.242695	138.707	0.044919	0.020226	0.403094	0.149704	9	666.57143	-8.558
4	0.640909	0.916297	87.353	0.059329	7e-05	0.17025	0.775472	9	413.77914	-18.291
4	0.925569	0.975151	161.64	0.070634	0.022889	0.214152	6.1e-05	5	606.80662	-9.82
4	0.95958	0.974898	112.666	0.07907	0.056288	0.376881	0.000498	1	411.07955	-4.427
3	0.654765	0.346109	149.253	0.047737	0.034781	0.217186	3.9e-05	4	360.74621	-7.822
4	0.561848	0.331957	156.847	0.028361	0.016362	0.242317	0.000311	5	205.86621	-9.673
4	0.889788	0.089988	169.549	0.039402	0.000635	0.312686	0.003659	9	220.56009	-7.285
1	0.117538	0.097363	174.623	0.028741	0.869201	0.282362	0.0	5	124.57859	-15.724
4	0.946011	0.698072	139.784	0.076956	0.082899	0.270724	0.00155	9	243.26358	-9.604
4	0.671047	0.674914	111.99	0.040309	0.001858	0.25924	0.433689	7	238.29288	-8.432
4	0.452521	0.902907	114.437	0.039878	0.000799	0.228181	0.082651	2	588.62522	-14.418
3	0.54432	0.925454	139.82	0.056616	0.347481	0.528391	0.000724	2	278.96408	-9.047
4	0.956282	0.988214	140.339	0.071613	0.056375	0.297867	0.104194	11	262.93288	-3.768
4	0.882381	0.923422	81.469	0.107114	0.006573	0.255258	0.073909	2	340.45288	-8.287
4	0.628144	0.978553	76.054	0.048253	0.132557	0.360431	0.005803	2	281.57288	-12.388
4	0.352294	0.931487	65.407	0.035202	0.503898	0.472553	0.000952	9	480.20853	-21.691
4	0.747413	0.109269	125.306	0.056016	0.421414	0.41464	0.000576	6	299.10354	-15.392
4	0.429081	0.589976	112.299	0.032354	0.395443	0.706562	0.0	4	164.02349	-11.442
4	0.161849	0.081828	140.247	0.029786	0.96714	0.443092	0.000158	9	197.87819	-14.099
4	0.545198	0.154255	137.3	0.043822	0.122973	0.502161	0.008117	9	378.02621	-13.424
1	0.513372	0.330214	125.633	0.053371	0.017097	0.484909	0.002573	6	398.99383	-9.732
4	0.44723	0.353713	113.106	0.040111	0.000204	0.406785	0.000451	11	286.85016	-18.105
3	0.549708	0.165923	177.733	0.02715	0.622176	0.328785	4e-06	0	339.05732	-6.546
4	0.576127	0.961576	104.332	0.04357	0.909068	0.310776	0.932799	6	367.33342	-18.036
4	0.303446	0.693618	133.667	0.038828	0.590943	0.306834	0.12907	2	223.42621	-16.2
4	0.807046	0.095175	174.982	0.038913	0.002192	0.419268	0.011647	9	274.63955	-10.741
4	0.896176	0.924427	103.505	0.085621	0.079671	0.308061	0.0732	7	307.61288	-7.474
4	0.405979	0.04567	125.298	0.069287	0.183035	0.629789	0.00052	11	277.33288	-17.787
4	0.458225	0.631371	115.885	0.032805	0.587008	0.458242	0.508107	9	268.19873	-14.503
4	0.709256	0.579246	115.934	0.169151	0.018846	0.432418	0.001106	0	428.87955	-9.319
4	0.667308	0.244333	95.593	0.545671	0.939699	0.669833	0.0	6	38.93846	-14.809
4	0.587591	0.080594	111.052	0.053074	0.050282	0.627938	9e-06	10	202.84036	-16.844
4	0.930031	0.111255	98.558	0.128099	0.408144	0.4173	0.000576	5	456.89288	-5.03
4	0.713211	0.61917	115.707	0.083775	0.696781	0.390971	0.046846	1	183.10621	-9.347
3	0.453466	0.93265	79.165	0.058074	0.001041	0.170166	0.641869	2	686.0273	-18.205
4	0.803627	0.616186	116.954	0.106809	0.864863	0.320859	0.817583	1	316.6995	-6.778
4	0.365341	0.085516	94.757	0.052439	0.474183	0.422385	0.000762	2	262.24281	-17.133
4	0.572155	0.145482	121.219	0.029156	0.187988	0.627969	0.0002	4	244.43955	-10.758
4	0.909438	0.768366	127.396	0.113203	0.231092	0.465959	1e-06	2	170.48045	-7.57
4	0.250528	0.117311	145.899	0.02956	0.401935	0.42689	1.7e-05	0	375.43138	-20.07
4	0.92589	0.463261	157.724	0.042707	0.500537	0.317937	0.873529	11	285.02159	-14.235
4	0.599978	0.206679	98.635	0.033126	0.07921	0.465174	0.001046	2	263.33288	-11.397
4	0.978894	0.113958	100.826	0.106134	0.019013	0.273345	0.017701	11	406.19955	-5.584
3	0.255529	0.109598	136.058	0.028621	0.819906	0.274711	0.767674	7	810.79955	-13.111
4	0.970889	0.98003	165.374	0.158363	0.017385	0.268404	0.126306	7	220.54621	-11.339
4	0.56338	0.043719	109.89	0.032794	0.243051	0.56522	0.002741	2	300.50621	-13.973
4	0.853429	0.48448	109.589	0.047665	0.044532	0.540468	0.016239	9	293.77288	-6.456
4	0.348156	0.108641	103.306	0.034031	0.51392	0.70129	0.0	9	145.58104	-15.14
4	0.621717	0.268887	84.42	0.061247	0.659309	0.313224	7.4e-05	5	448.77288	-9.691
4	0.850842	0.253733	100.214	0.077806	0.031716	0.345792	0.026515	7	435.65234	-10.635
4	0.557475	0.358886	88.707	0.048761	0.076558	0.430277	0.010053	4	271.39701	-8.731
4	0.29494	0.098208	164.953	0.040847	0.029775	0.529528	0.374206	9	258.45615	-16.247
4	0.419268	0.979993	181.578	0.030881	0.475343	0.304519	0.007405	7	437.62621	-8.489
4	0.682827	0.985542	144.918	0.07604	0.331761	0.259016	0.004194	6	541.2302	-12.778
4	0.197243	0.083083	135.168	0.03642	0.642729	0.300112	0.053749	2	222.40608	-19.874
4	0.657788	0.761548	108.097	0.050358	0.772454	0.468942	2e-06	2	422.2312	-11.985
4	0.651629	0.417573	102.379	0.04677	0.44155	0.57595	3.8e-05	9	164.10621	-10.885
4	0.567949	0.184237	104.364	0.031516	0.505077	0.558293	0.062357	11	425.35138	-14.837
4	0.294893	0.555686	142.702	0.029511	0.357665	0.418577	0.000293	0	262.84363	-17.365
4	0.453464	0.276434	118.152	0.043039	0.980948	0.342843	0.861417	4	278.36036	-17.338
1	0.13635	0.107302	166.449	0.051462	0.450708	0.371253	0.005493	10	413.23057	-20.798
4	0.845571	0.350665	145.912	0.087275	0.049217	0.404952	0.003848	9	208.85288	-7.981
4	0.534586	0.102253	128.986	0.028696	0.152156	0.7311	0.126725	0	245.49832	-12.887
4	0.765686	0.019522	168.579	0.036923	0.005025	0.347731	0.434522	9	209.66621	-5.639
4	0.509405	0.296641	94.344	0.027592	0.580012	0.497512	0.186518	4	309.19955	-12.48
4	0.948822	0.953501	127.379	0.098258	0.454531	0.307885	0.002879	2	251.14621	-2.602
4	0.446886	0.072007	80.632	0.045765	0.039068	0.354654	0.023748	2	717.87057	-12.118
4	0.465755	0.394169	142.03	0.035006	0.486877	0.615339	2.5e-05	1	213.06621	-10.14
4	0.447029	0.141613	129.462	0.02924	0.396977	0.460406	3e-06	1	405.94621	-7.968
4	0.268889	0.149552	105.574	0.04597	0.087477	0.301915	0.001747	2	390.32118	-15.792
4	0.739827	0.943502	100.963	0.0324	0.764433	0.552886	0.098033	2	265.66621	-7.929
4	0.713515	0.077294	77.661	0.045803	0.416632	0.263363	0.282472	2	157.04073	-6.346
4	0.842286	0.078759	156.411	0.050196	0.19462	0.415051	0.000316	1	236.17288	-9.634
4	0.414395	0.471653	135.751	0.043648	0.405754	0.447741	0.926499	11	347.48036	-17.097
4	0.52713	0.19293	129.12	0.036888	0.040511	0.553594	0.004314	9	185.73497	-11.002
4	0.8136	0.08654	111.259	0.03327	0.054197	0.44172	0.174005	0	206.40762	-4.845
4	0.674486	0.221478	176.641	0.037213	0.491313	0.31036	0.000159	8	298.33288	-14.244
4	0.652603	0.098803	131.215	0.03517	0.621266	0.428318	0.004524	3	260.86621	-5.538
4	0.499393	0.158886	105.039	0.03772	0.025042	0.550394	6e-06	7	159.73832	-13.501
4	0.702563	0.487603	105.704	0.090063	0.004768	0.347074	0.913554	4	218.03492	-10.907
4	0.61198	0.336768	131.254	0.034416	0.740275	0.416474	0.000108	0	143.51628	-15.092
4	0.540204	0.321101	86.343	0.074958	0.355865	0.538549	0.002312	0	248.99955	-14.967
3	0.209469	0.104697	134.482	0.054366	0.563974	0.465827	0.010025	4	405.91628	-19.922
4	0.507531	0.945031	160.813	0.043912	0.992845	0.222525	0.934078	2	291.21261	-16.373
4	0.185308	0.365894	118.616	0.03404	0.182482	0.342353	0.022663	11	282.95791	-21.918
4	0.251207	0.169805	121.771	0.033008	0.29328	0.583541	3.6e-05	5	193.69751	-18.335
4	0.39079	0.494868	133.608	0.042518	0.365816	0.26266	0.299402	0	407.17016	-15.938
4	0.399122	0.350373	98.421	0.039054	0.034116	0.323045	0.00021	7	576.73098	-17.6
4	0.165733	0.100552	133.593	0.034282	0.680115	0.555379	0.014626	4	309.57669	-21.032
4	0.203582	0.328715	137.943	0.041581	0.94451	0.56065	1.8e-05	4	127.68717	-13.085
4	0.30988	0.759575	102.777	0.032623	0.73086	0.604778	0.000152	0	267.65016	-18.82
4	0.746872	0.969303	110.885	0.039081	0.08152	0.398666	0.237058	7	522.61288	-8.893
4	0.746106	0.117848	150.078	0.038185	0.159764	0.569949	9.7e-05	0	191.69288	-6.276
4	0.627063	0.209829	124.279	0.038405	0.41979	0.448069	0.782662	1	806.67955	-12.125
4	0.32341	0.108386	115.133	0.064614	0.186778	0.561355	2e-06	5	189.24	-19.708
4	0.796706	0.105584	135.699	0.031767	0.028275	0.597929	0.001742	5	218.42395	-12.277
4	0.940588	0.93727	138.26	0.08901	0.210272	0.353187	0.843434	9	242.37288	-8.823
4	0.487463	0.563272	79.208	0.045289	0.797602	0.586246	0.64051	11	449.54077	-19.79
4	0.935607	0.304107	148.823	0.132028	0.046743	0.484224	0.000645	1	200.66068	-6.549
1	0.404583	0.072902	97.788	0.168017	0.850932	0.374013	0.86357	10	242.38975	-16.695
4	0.957674	0.940339	165.688	0.21062	0.337567	0.338405	0.000399	2	291.17288	-3.629
4	0.328903	0.978574	82.577	0.032501	0.4305	0.296932	2.7e-05	2	390.29288	-15.867
3	0.735603	0.080442	190.64	0.04572	0.053228	0.229252	0.23009	4	319.81288	-8.547
3	0.30124	0.125055	116.913	0.03809	0.035909	0.354191	0.923289	5	179.17342	-15.605
4	0.919348	0.938326	190.353	0.101814	0.135096	0.3516	0.001158	2	207.03955	-6.535
4	0.606687	0.361511	127.095	0.031754	0.083544	0.464922	2.7e-05	7	321.93288	-13.621
4	0.843453	0.571505	123.117	0.035043	0.185398	0.630966	0.029397	9	244.68571	-8.289
4	0.791645	0.913778	192.915	0.04719	0.013471	0.262077	0.664926	9	250.72281	-13.657
4	0.459275	0.80095	79.981	0.046242	0.395872	0.549377	0.296867	4	581.3024	-18.848
4	0.777136	0.149633	102.512	0.050135	0.522427	0.301946	0.206376	8	306.50839	-11.596
4	0.748547	0.08902	142.818	0.038693	0.011921	0.418323	2.9e-05	9	209.16925	-14.069
4	0.848539	0.489307	129.866	0.053924	0.058488	0.374973	0.00046	4	575.14621	-7.457
4	0.406052	0.400599	85.607	0.032678	0.021588	0.342999	2e-06	9	270.0273	-15.411
4	0.913148	0.132812	137.257	0.059834	0.004037	0.498471	0.014661	4	262.94621	-5.053
4	0.296857	0.727153	82.627	0.035223	0.889361	0.701045	0.00321	9	274.70621	-12.547
4	0.772906	0.085609	102.253	0.034774	0.518285	0.416073	0.059147	6	251.46621	-9.32
3	0.501822	0.951719	109.658	0.07772	0.730991	0.336768	0.273087	7	308.87138	-18.202
4	0.515916	0.203316	102.769	0.045436	0.088688	0.679735	0.000605	0	515.4078	-13.354
4	0.794515	0.270089	124.139	0.03814	0.136112	0.515142	0.000361	2	330.98621	-5.873
4	0.932591	0.362936	112.949	0.055862	0.012406	0.56461	0.181675	11	146.24961	-10.119
4	0.87783	0.107944	134.198	0.075201	0.05109	0.506862	0.0	0	510.99955	-5.688
4	0.397805	0.176399	123.735	0.125571	0.109405	0.7501	5e-06	2	320.522	-18.813
7	0.159194	0.697232	152.524	0.034401	0.72326	0.18346	0.0	2	143.46404	-18.254
4	0.920549	0.353606	126.214	0.053238	0.642963	0.50274	0.001459	7	264.03156	-13.823
4	0.891742	0.984733	136.1	0.046119	0.1134	0.449229	0.001281	2	305.15959	-5.47
4	0.877674	0.857206	81.524	0.111281	0.117089	0.48332	0.052572	9	278.22104	-7.982
4	0.358546	0.166806	108.737	0.038816	0.574917	0.502169	3e-06	7	358.93288	-10.593
4	0.588494	0.353245	155.512	0.221852	0.181887	0.37086	0.000898	4	401.29288	-10.85
4	0.627498	0.157263	101.0	0.043165	0.040591	0.528087	0.000742	4	288.69288	-11.296
4	0.554807	0.19182	104.609	0.029316	0.831522	0.511093	4e-06	0	196.46621	-10.897
4	0.533045	0.153268	117.691	0.028211	0.451939	0.526161	0.0	2	317.43955	-11.217
4	0.532377	0.781644	119.656	0.042443	0.362645	0.455413	0.070298	4	292.12689	-14.395
4	0.872842	0.111775	157.261	0.120831	0.003558	0.320668	0.002678	9	353.66621	-7.186
4	0.808889	0.919747	120.767	0.10286	0.043152	0.339589	0.05065	8	203.10159	-13.674
4	0.701167	0.222899	82.938	0.027374	0.13121	0.503845	0.0	2	268.77342	-5.721
4	0.697576	0.269435	119.023	0.066017	0.000299	0.290814	0.052699	1	553.74902	-14.97
4	0.705203	0.075972	94.866	0.08514	0.085369	0.462395	2e-06	9	166.10649	-9.799
4	0.84382	0.757347	121.359	0.065556	0.013422	0.413138	3e-06	11	320.42159	-10.802
4	0.89268	0.196149	139.095	0.043758	0.004694	0.497838	0.000525	8	226.99211	-8.614
4	0.632397	0.149822	152.118	0.036667	0.411294	0.552123	0.132424	0	435.62621	-9.402
4	0.549881	0.708543	94.361	0.049912	0.019461	0.342158	0.705138	2	971.93751	-17.374
4	0.617442	0.763068	104.153	0.02648	0.331653	0.567335	4.4e-05	6	402.99955	-8.931
4	0.619108	0.084582	109.785	0.027248	0.120088	0.625887	0.023596	4	190.77179	-17.389
4	0.666347	0.722628	123.433	0.033861	0.012153	0.46843	0.807665	4	377.12934	-14.134
4	0.287308	0.733072	91.89	0.038935	0.891811	0.244252	0.142325	0	284.33088	-14.879
4	0.719918	0.950935	167.683	0.058178	0.294381	0.216605	0.450771	0	344.63011	-7.025
4	0.738702	0.530773	103.303	0.033388	0.257524	0.647841	8.7e-05	7	201.95955	-9.599
4	0.221624	0.2205	132.753	0.048086	0.031479	0.492405	0.0	7	150.30812	-23.892
4	0.299759	0.071212	69.975	0.026484	0.783298	0.365691	0.030042	7	346.35955	-10.013
4	0.349678	0.140307	119.615	0.041609	0.659251	0.455824	3e-06	5	130.33905	-13.1
4	0.759444	0.382882	142.831	0.032408	0.044523	0.536072	0.0	0	247.40526	-5.19
4	0.978333	0.272783	123.472	0.100541	0.022569	0.437112	0.497362	8	271.86621	-5.016
4	0.406017	0.145657	75.913	0.040696	0.062195	0.587428	0.000641	9	259.86567	-18.447
3	0.21979	0.098375	135.759	0.034199	0.012187	0.294755	0.000291	0	303.93556	-23.73
4	0.631181	0.923739	131.817	0.070413	0.022411	0.422504	0.000431	4	222.61361	-11.773
4	0.59336	0.84094	106.168	0.033758	0.000553	0.405808	0.320682	4	220.49914	-15.684
4	0.791503	0.345368	91.513	0.04091	0.221676	0.515117	3.1e-05	0	317.36989	-7.4
5	0.77405	0.728723	66.08	0.11754	0.110926	0.095527	0.825162	10	244.99955	-9.843
4	0.732752	0.982514	104.547	0.032693	0.012098	0.305873	0.009098	0	437.10621	-5.732
4	0.660667	0.600163	203.802	0.037126	0.014038	0.342302	0.000107	1	175.80363	-12.076
4	0.593497	0.391944	125.577	0.051692	0.016642	0.425987	0.0052	0	341.72757	-20.711
4	0.905456	0.282845	142.58	0.039717	0.166383	0.481016	0.000229	9	162.32553	-11.299
4	0.62782	0.18167	105.591	0.029704	0.217688	0.311925	5.4e-05	2	327.49669	-12.189
4	0.435456	0.669305	184.469	0.055945	0.378982	0.225511	5e-06	9	305.99791	-20.73
4	0.252458	0.086693	81.473	0.100295	0.715488	0.702222	0.0	0	130.01556	-18.073
3	0.602018	0.078461	160.859	0.032698	0.351744	0.382069	0.094299	7	331.43955	-8.38
4	0.463885	0.189406	130.662	0.062203	0.126152	0.530925	5e-06	7	437.4722	-17.544
4	0.398953	0.17064	77.821	0.033343	0.007855	0.198917	0.457147	11	548.03156	-19.753
4	0.389741	0.109864	73.892	0.027169	0.257296	0.435601	0.051981	0	352.36526	-14.573
4	0.739512	0.121103	116.871	0.076502	0.173328	0.294268	0.016829	1	348.13288	-9.129
4	0.462162	0.257994	136.659	0.034959	0.371644	0.41656	0.00012	4	402.80771	-11.6
4	0.879116	0.85788	114.474	0.081443	0.809045	0.396728	0.836524	4	616.42621	-6.22
4	0.545417	0.655716	111.286	0.074693	0.528141	0.534682	3.1e-05	7	385.68299	-12.108
4	0.102782	0.091721	88.579	0.036209	0.948616	0.676278	0.324543	1	190.58893	-21.484
4	0.365524	0.546278	68.884	0.055082	0.50359	0.383467	0.005806	10	284.03955	-15.357
4	0.627392	0.386156	135.788	0.037196	0.005535	0.528106	0.5205	4	295.26159	-15.806
4	0.44783	0.189731	132.016	0.031577	0.051224	0.523981	0.759408	4	118.96118	-14.85
4	0.581204	0.318464	128.669	0.086656	0.778388	0.485913	4e-06	4	412.19955	-12.774
4	0.545847	0.089453	127.51	0.033509	0.199787	0.545166	0.000631	7	181.77288	-11.501
4	0.932593	0.168201	138.172	0.049614	0.000404	0.518982	0.004616	7	202.38467	-7.152
4	0.632294	0.283168	142.692	0.02837	0.491897	0.567818	0.003031	4	257.96204	-12.33
4	0.878626	0.777322	92.465	0.11275	0.036249	0.288176	0.188659	2	274.64517	-10.026
4	0.760096	0.969961	188.293	0.047053	0.100522	0.190491	7e-06	7	280.29288	-7.373
4	0.392112	0.131819	110.11	0.159345	0.040538	0.944401	0.388152	5	214.95955	-10.753
4	0.75702	0.07199	143.184	0.033326	0.002456	0.264646	0.508868	5	428.87791	-8.03
5	0.341513	0.98582	110.221	0.046449	0.655127	0.276992	0.0	7	201.98621	-14.409
4	0.597876	0.188356	125.484	0.104293	0.417137	0.304986	0.219807	2	432.79955	-15.924
4	0.943921	0.718987	117.418	0.056956	0.026562	0.497536	0.001663	3	462.46621	-4.115
1	0.52836	0.099706	122.918	0.041052	0.559535	0.720085	0.869999	2	191.16363	-10.6
4	0.954994	0.093763	140.366	0.142827	0.481202	0.730071	0.000118	4	226.79955	-2.644
4	0.731215	0.308563	155.247	0.031761	0.030688	0.335278	0.856416	5	214.11955	-10.383
4	0.806812	0.213291	120.353	0.042542	0.039378	0.424103	0.000171	6	355.83955	-6.71
4	0.574427	0.114417	84.629	0.040081	0.186299	0.576095	0.005437	3	208.33288	-9.257
4	0.475191	0.883433	155.525	0.044594	0.779054	0.487603	3e-06	6	227.75955	-9.525
4	0.781675	0.959818	100.934	0.056227	0.080978	0.268299	0.860264	4	1262.50621	-15.011
4	0.807711	0.420732	135.938	0.065268	0.209543	0.358391	0.002654	0	225.69288	-14.122
4	0.615874	0.104959	107.635	0.060396	0.036985	0.449751	0.00728	1	192.11955	-12.824
4	0.772779	0.098453	110.198	0.032838	0.057144	0.496782	0.0	10	287.35955	-6.415
4	0.853724	0.493842	124.699	0.030247	0.017641	0.60619	0.168689	2	218.07955	-6.378
4	0.96224	0.978148	143.303	0.13034	9.6e-05	0.238997	0.04037	2	313.13288	-7.544
4	0.727008	0.091106	124.58	0.040415	0.667739	0.59449	1.7e-05	2	241.46621	-10.234
4	0.400364	0.078057	101.086	0.026538	0.74403	0.588847	0.769837	7	461.29587	-17.989
4	0.658783	0.428471	141.166	0.032777	0.683489	0.489969	0.950342	7	284.36853	-17.307
4	0.846439	0.97948	173.077	0.061604	0.139565	0.224116	0.0	9	347.47955	-6.956
4	0.871761	0.036703	133.661	0.41925	0.18299	0.635231	2e-06	5	192.33288	-4.405
4	0.667984	0.30029	162.688	0.088625	0.000526	0.377743	0.391115	2	166.00771	-13.642
4	0.261937	0.704931	101.455	0.029377	0.043487	0.518495	0.004496	10	257.98485	-18.455
4	0.566682	0.394533	85.017	0.103235	0.0703	0.701737	0.427793	11	125.02621	-13.243
4	0.505599	0.087329	171.745	0.028549	0.343987	0.546199	0.07742	4	188.43955	-8.808
4	0.859064	0.69839	106.035	0.134709	0.35067	0.530061	0.001805	5	485.35955	-6.349
4	0.648907	0.124433	118.696	0.054022	0.010623	0.43362	0.007691	5	467.48689	-8.937
4	0.758941	0.325324	99.736	0.026506	0.137033	0.457406	1e-06	0	207.04717	-7.66
4	0.694529	0.327055	95.055	0.038649	0.422547	0.554589	0.156859	7	178.66621	-7.478
4	0.347879	0.061988	84.284	0.027849	0.241543	0.612092	0.0	5	270.75156	-19.084
4	0.484079	0.0673	107.046	0.028501	0.071888	0.52007	0.001684	9	699.81288	-11.796
4	0.496154	0.109053	116.056	0.030791	0.167726	0.641461	0.000218	5	252.44689	-15.521
4	0.863831	0.985171	92.796	0.110649	0.236526	0.291936	0.000179	0	412.37288	-5.778
4	0.555796	0.053916	110.002	0.031213	0.085464	0.853354	0.023291	9	214.89288	-7.505
4	0.805203	0.977689	108.249	0.040232	0.000988	0.474022	0.024408	5	335.30621	-14.132
4	0.276573	0.153087	134.353	0.034128	0.475395	0.6491	8e-06	9	274.03955	-12.269
4	0.795297	0.202868	91.094	0.028662	0.108387	0.553294	2.1e-05	7	353.71206	-8.129
4	0.923317	0.039977	136.359	0.075264	0.302929	0.561855	0.000189	7	142.2624	-5.116
4	0.565154	0.134475	94.852	0.034764	0.346414	0.526039	0.0	11	138.03166	-13.027
4	0.377274	0.076875	140.183	0.0427	0.961367	0.557321	0.605674	0	226.69016	-20.529
4	0.759314	0.991173	84.671	0.051032	3e-05	0.236274	0.345789	2	291.05587	-16.092
4	0.468954	0.316425	100.602	0.02943	0.009297	0.565453	0.001713	4	167.19955	-11.929
4	0.868752	0.102416	116.752	0.044281	1.7e-05	0.476662	0.000806	1	300.82621	-5.914
4	0.813857	0.408	146.188	0.047214	0.005674	0.463003	0.000553	7	255.34508	-6.4
4	0.849242	0.289369	117.198	0.040526	0.177068	0.559335	0.002898	0	223.46408	-6.92
4	0.874193	0.124597	112.587	0.031008	0.000266	0.489572	0.470687	7	198.12277	-3.455
4	0.425904	0.05752	118.735	0.031047	0.510661	0.604567	8e-06	7	406.16599	-11.356
4	0.727608	0.167508	127.94	0.042575	0.463736	0.555451	1e-06	1	239.25506	-7.865
4	0.566624	0.099449	69.187	0.035838	0.400483	0.601061	0.0	11	163.60635	-8.452
4	0.714973	0.133762	137.723	0.029764	0.101224	0.65459	1e-06	6	167.78512	-10.239
4	0.397839	0.128713	87.736	0.032659	0.915245	0.522268	0.026055	7	198.86621	-12.315
4	0.620517	0.137847	87.011	0.033525	0.783473	0.394016	5e-06	5	427.93288	-6.036
4	0.438396	0.10774	123.933	0.043957	0.033506	0.644333	0.038057	2	151.43138	-15.176
4	0.690183	0.090441	139.603	0.030973	0.010973	0.268082	0.0	8	252.02621	-5.897
4	0.964792	0.657258	111.956	0.108487	0.016269	0.39091	0.535868	5	661.69859	-7.503
4	0.103438	0.103896	93.438	0.032331	0.83172	0.374517	6.8e-05	9	193.35791	-21.698
4	0.753939	0.969349	93.626	0.038716	0.413859	0.315432	0.000112	5	186.14621	-6.35
4	0.526089	0.842566	84.392	0.067601	0.179846	0.274049	0.038452	10	467.33016	-10.279
4	0.602268	0.608752	149.548	0.056737	0.120646	0.305187	0.729731	7	314.79247	-15.527
4	0.62742	0.149903	90.773	0.034521	0.237216	0.548706	0.002183	0	275.15134	-5.738
4	0.631582	0.077649	115.851	0.029658	0.913746	0.512414	0.890971	0	334.15791	-11.299
4	0.550044	0.068715	148.692	0.388584	0.356224	0.830037	5.1e-05	9	221.93288	-9.516
4	0.16209	0.10433	75.211	0.046855	0.619397	0.302961	0.164213	7	253.83138	-21.223
4	0.716921	0.124707	171.726	0.043674	0.015417	0.416974	3e-06	0	235.37288	-5.648
4	0.259343	0.314666	114.992	0.057102	0.224203	0.791164	0.841292	7	226.82077	-17.514
4	0.721214	0.659902	155.839	0.039432	0.007534	0.276354	0.024067	1	274.50839	-14.308
4	0.917937	0.57785	120.043	0.036368	0.03177	0.350482	0.058749	4	251.29288	-2.446
4	0.292401	0.211829	126.302	0.03316	0.977631	0.430585	0.004751	4	249.66621	-9.227
4	0.769822	0.064363	154.156	0.036988	0.257594	0.325189	3e-06	7	140.63955	-7.56
4	0.673535	0.214421	115.846	0.031002	0.213121	0.712509	0.000151	0	450.87955	-10.884
4	0.984881	0.068721	141.306	0.119542	0.001191	0.512967	0.00019	8	212.67701	-5.615
4	0.755131	0.172876	120.409	0.050241	0.386157	0.566189	1.9e-05	8	296.54159	-7.347
4	0.854179	0.876187	128.687	0.0725	0.589065	0.316518	0.849397	4	343.09288	-12.02
4	0.72931	0.728971	69.166	0.039799	0.011457	0.192985	0.035865	7	788.34621	-6.905
4	0.704404	0.21711	109.039	0.028246	0.257422	0.480504	0.792012	2	338.13288	-13.026
4	0.912044	0.957355	118.049	0.095679	0.001571	0.362292	0.0	2	317.74621	-4.02
4	0.476838	0.264053	131.286	0.048851	0.202603	0.647301	1e-06	4	199.41288	-9.192
4	0.567225	0.22858	128.498	0.042671	0.47381	0.691026	0.132853	5	275.28	-17.387
4	0.826908	0.125424	156.27	0.047118	0.062856	0.503819	0.718666	5	187.55955	-10.194
4	0.662378	0.082777	105.987	0.039435	0.455206	0.595019	0.000111	7	165.35955	-11.434
4	0.342675	0.064054	117.376	0.03636	0.330807	0.806304	0.004562	1	252.70621	-14.199
4	0.467391	0.35918	121.86	0.036945	0.510266	0.526135	0.0	7	179.50621	-7.335
4	0.797124	0.028688	101.175	0.029489	0.377132	0.770979	0.002662	1	210.13288	-5.473
4	0.645865	0.105938	99.429	0.041365	0.96824	0.612112	0.917853	9	174.13179	-16.432
4	0.362661	0.960038	126.615	0.041614	0.736716	0.457032	6.2e-05	5	270.22621	-12.901
4	0.551568	0.204176	116.601	0.046162	0.092031	0.430622	0.199632	9	350.48444	-12.333
4	0.481618	0.074504	150.054	0.063799	0.001174	0.333421	0.952173	1	298.61288	-18.454
4	0.569384	0.711372	73.399	0.037491	0.979281	0.366257	0.730869	11	219.05515	-6.557
4	0.158561	0.116359	159.374	0.031785	0.877527	0.41507	0.000409	7	199.49288	-22.319
4	0.70772	0.073295	134.84	0.029288	0.534505	0.437456	0.142074	4	421.69288	-8.606
4	0.324457	0.067095	66.424	0.026428	0.868608	0.35125	0.112348	3	218.19646	-10.594
1	0.57747	0.778537	152.659	0.034986	0.944497	0.175569	0.951423	2	566.30812	-13.875
4	0.338679	0.40815	94.88	0.031282	0.149791	0.463645	0.001959	2	470.88	-22.044
4	0.776748	0.09279	131.056	0.040099	0.001955	0.585003	0.001307	1	260.99955	-11.371
4	0.813627	0.989091	91.801	0.07998	0.040971	0.488382	0.004027	11	638.22621	-6.877
4	0.779579	0.962648	88.066	0.048164	0.001314	0.238669	7.8e-05	7	326.43955	-9.104
4	0.856989	0.573301	140.236	0.065382	0.168549	0.279583	0.005624	1	304.95955	-12.081
4	0.554792	0.138614	92.51	0.027229	0.005448	0.461637	0.370936	7	247.39955	-13.408
4	0.67157	0.889731	89.01	0.054625	0.000144	0.364823	0.809185	10	292.80608	-17.088
4	0.829734	0.960473	115.843	0.042104	0.074777	0.544516	0.005909	4	311.75955	-14.413
4	0.881281	0.168958	110.914	0.034994	0.439938	0.603534	0.769943	11	226.49288	-5.917
4	0.97935	0.590511	120.279	0.099658	0.004636	0.414702	1e-05	3	336.13288	-5.686
4	0.746324	0.951977	128.383	0.069327	4.5e-05	0.200427	0.201604	2	395.35955	-14.94
4	0.813282	0.603671	103.071	0.04067	0.000163	0.437174	3.6e-05	2	222.62404	-10.4
4	0.613566	0.659302	100.337	0.057994	0.016029	0.13221	0.801371	2	265.58649	-11.877
3	0.368108	0.926282	133.639	0.035536	0.401028	0.347376	0.006296	7	474.33288	-13.563
4	0.647292	0.31361	88.656	0.044785	0.04678	0.32902	1e-05	7	255.66621	-10.109
4	0.909213	0.41121	124.337	0.048143	0.00414	0.28491	0.0	0	234.33288	-4.892
4	0.482813	0.254153	147.332	0.039432	0.597378	0.381084	1e-05	0	438.03955	-14.49
4	0.764707	0.236188	133.964	0.035942	0.010343	0.536893	0.000118	0	223.43946	-6.618
4	0.490639	0.105316	109.927	0.026992	0.00012	0.547409	0.251385	2	298.93288	-9.345
4	0.966347	0.960344	125.988	0.131585	0.068696	0.644733	0.001516	9	210.49288	-8.753
1	0.427174	0.374129	211.933	0.040373	0.212026	0.406216	0.770757	9	202.21342	-19.135
4	0.347986	0.145107	121.333	0.041834	0.848858	0.631919	0.0	7	270.47955	-14.447
4	0.331625	0.471734	120.473	0.039656	0.125169	0.826714	0.000619	0	254.47293	-16.097
4	0.857274	0.242021	126.432	0.032809	0.16335	0.544143	0.01973	4	195.66621	-9.28
4	0.477254	0.132273	113.274	0.031753	0.286784	0.642771	0.152403	11	180.90522	-8.782
4	0.511398	0.108093	117.782	0.035058	0.226018	0.387472	0.069778	4	223.95955	-12.141
4	0.88095	0.722503	92.381	0.081665	0.111634	0.44367	0.0	4	283.92444	-7.824
4	0.714746	0.963764	132.884	0.063499	0.770694	0.459573	0.00099	9	262.39955	-9.662
4	0.20679	0.446867	122.921	0.040317	0.719001	0.597941	0.403449	2	261.08472	-25.683
4	0.716956	0.143769	83.496	0.166356	0.010658	0.727963	1e-06	11	248.63955	-4.505
4	0.971349	0.159865	135.926	0.036399	0.256278	0.655368	0.206074	7	217.09288	-3.512
3	0.719179	0.896516	114.638	0.057585	0.011625	0.369968	0.011873	5	481.63955	-7.914
4	0.523877	0.354078	130.559	0.056914	0.594573	0.456399	0.011302	0	278.66621	-15.36
4	0.668233	0.515242	144.44	0.044598	0.085093	0.303544	3.1e-05	5	322.93288	-8.817
4	0.623688	0.477426	124.994	0.027017	0.049947	0.673027	0.000575	4	206.39302	-13.433
4	0.879482	0.341447	143.785	0.09865	0.111629	0.473184	0.0	7	276.79955	-5.158
1	0.550251	0.090989	139.68	0.037167	0.414932	0.295304	0.737492	9	318.92853	-18.375
4	0.733647	0.878468	83.707	0.061678	0.001134	0.317339	0.596956	2	269.40145	-12.293
4	0.91908	0.746203	140.257	0.039532	0.13773	0.54861	0.949105	7	228.92517	-7.044
4	0.85753	0.352849	155.305	0.061449	0.008368	0.486842	0.00134	2	322.24957	-10.939
4	0.701608	0.180381	114.522	0.026773	0.072122	0.579863	7.6e-05	7	236.75955	-7.954
4	0.890733	0.761958	116.374	0.045131	0.001484	0.441983	5.1e-05	2	275.98621	-6.711
4	0.82274	0.100709	116.475	0.04224	0.001157	0.378025	0.002672	3	251.73288	-7.251
4	0.374593	0.318333	102.451	0.922872	0.657406	0.579693	1e-06	0	118.99955	-18.522
3	0.167311	0.112327	93.549	0.310772	0.782056	0.513802	0.0	9	225.00136	-21.998
4	0.705393	0.228799	77.06	0.049555	0.289305	0.599423	7e-06	7	162.82621	-9.145
3	0.430661	0.144808	137.43	0.025973	0.208319	0.418153	0.211187	9	475.43955	-9.192
0	0.9803	0.941448	111.724	0.388286	0.134388	0.360914	0.000379	2	323.66621	-6.437
4	0.829263	0.145045	146.347	0.046757	0.036624	0.543342	5.6e-05	9	155.67955	-3.918
4	0.728112	0.398971	138.965	0.057563	0.155472	0.15328	0.857849	3	197.62621	-12.975
4	0.82191	0.311533	146.444	0.033847	0.001761	0.127284	0.431723	11	282.22649	-13.108
4	0.559497	0.068588	84.995	0.034025	0.001476	0.553734	2e-06	11	289.88036	-18.339
4	0.765894	0.9911	108.451	0.052155	0.098404	0.672599	0.029196	9	203.75465	-10.718
3	0.540349	0.707917	80.558	0.035978	0.24012	0.204292	0.000711	9	675.46803	-7.841
4	0.814971	0.470875	136.159	0.027111	0.041479	0.540116	0.001985	5	201.46621	-7.499
4	0.820251	0.94306	111.088	0.047219	0.3077	0.295193	0.000137	4	218.63955	-8.358
4	0.792348	0.63252	89.942	0.046985	4.8e-05	0.262655	0.747181	6	129.25288	-13.554
4	0.814143	0.34971	141.531	0.077198	0.0879	0.336032	0.073246	10	460.49288	-7.839
4	0.437512	0.778122	98.517	0.10019	0.681635	0.6164	0.000728	2	239.09832	-13.467
4	0.845899	0.984529	99.667	0.065245	0.079842	0.34606	0.000683	4	336.79955	-4.959
4	0.60665	0.078939	126.928	0.057163	0.091463	0.416619	0.881838	2	476.07955	-10.597
4	0.999803	0.382112	123.651	0.172395	0.136755	0.373375	0.847023	7	239.99955	-6.997
4	0.517272	0.05064	117.02	0.031793	0.033332	0.512047	0.028278	7	480.43955	-12.777
5	0.482874	0.137829	151.09	0.053119	0.761946	0.69211	0.272573	5	199.16726	-9.959
4	0.47394	0.21782	107.882	0.043009	0.782003	0.686822	0.094413	5	867.89179	-19.951
1	0.52331	0.890592	158.999	0.053612	0.035342	0.404457	0.038871	6	259.02975	-18.031
4	0.347859	0.167882	132.932	0.035832	0.109595	0.359281	1.6e-05	9	246.67383	-18.759
4	0.948512	0.957225	126.507	0.050799	0.533421	0.6376	1.2e-05	2	290.10966	-5.798
4	0.770738	0.134489	181.584	0.077546	0.013603	0.283503	0.000154	11	226.90621	-6.721
4	0.286069	0.15583	112.771	0.029091	0.770853	0.348081	0.004395	7	166.62621	-10.625
4	0.978618	0.969372	89.017	0.109725	0.0004	0.146305	0.193356	0	499.53288	-4.332
4	0.22774	0.084292	80.129	0.027352	0.841567	0.332875	1.9e-05	2	165.67293	-12.32
4	0.611023	0.687298	102.681	0.045031	0.071953	0.703093	5e-06	11	190.82404	-12.55
4	0.62647	0.425575	116.69	0.038383	0.11154	0.579469	0.003593	5	308.85601	-12.854
4	0.410624	0.073999	109.59	0.027818	0.88685	0.585553	1e-06	6	230.66658	-11.025
4	0.607397	0.06628	183.169	0.104914	0.140076	0.350384	0.004472	9	275.69025	-11.809
4	0.946271	0.979263	112.568	0.065501	0.000408	0.286439	0.002396	6	323.3142	-5.355
4	0.862089	0.052587	169.365	0.073389	0.053518	0.466984	0.0	7	316.43955	-7.807
4	0.673012	0.093864	80.241	0.032064	0.031286	0.511289	2e-06	9	170.4224	-12.876
4	0.947424	0.35073	144.828	0.046514	0.118606	0.735975	0.0	7	267.10789	-6.891
4	0.737848	0.33195	80.808	0.03492	0.002934	0.244358	0.000185	1	364.82621	-6.219
4	0.76478	0.20134	130.376	0.028355	0.135654	0.559847	0.000195	2	243.15955	-7.784
4	0.790495	0.094376	128.42	0.058408	0.031623	0.628062	4.2e-05	7	203.07546	-9.466
4	0.860464	0.245379	80.955	0.058081	0.283821	0.413082	0.00011	8	266.47955	-5.151
4	0.778534	0.063286	149.913	0.034037	0.033871	0.616682	2.8e-05	4	233.98621	-7.856
4	0.942693	0.373739	134.706	0.057277	0.115229	0.302552	0.434593	5	210.93288	-4.175
4	0.660942	0.950762	102.177	0.064778	0.757414	0.521057	0.014069	0	211.90485	-17.847
4	0.633719	0.700218	136.513	0.041248	0.007362	0.526995	0.04099	9	284.94322	-17.929
5	0.514385	0.934387	123.247	0.216181	0.010572	0.563583	2.2e-05	9	644.67837	-13.74
4	0.866527	0.34804	131.76	0.031012	0.000652	0.486336	1.9e-05	4	281.87537	-5.244
4	0.836043	0.074942	140.353	0.070051	0.031553	0.328833	1e-05	7	172.25556	-13.217
4	0.698949	0.236086	166.191	0.047324	0.001192	0.540149	0.001354	9	287.31955	-10.401
4	0.486163	0.205953	122.252	0.037196	0.025749	0.5346	0.000108	4	159.50322	-14.963
1	0.719011	0.126361	134.104	0.02759	0.975319	0.611405	0.93096	7	226.45506	-14.309
4	0.952011	0.881671	159.365	0.148297	0.222611	0.326308	7e-06	0	216.57206	-5.338
3	0.602949	0.108295	134.009	0.032705	0.203081	0.476485	0.044984	11	332.95955	-17.969
4	0.825966	0.047938	122.659	0.058952	0.078111	0.642038	1e-06	1	166.3473	-8.245
4	0.610978	0.104553	99.748	0.027986	0.001246	0.673374	0.009068	8	243.57288	-9.694
4	0.567953	0.830822	115.308	0.037888	0.500692	0.380564	0.861512	4	778.95955	-13.404
4	0.843239	0.097474	105.145	0.141762	0.47569	0.628718	1e-06	9	162.42621	-8.967
4	0.29772	0.029094	132.309	0.026247	0.406047	0.552281	0.0	8	392.39955	-11.153
4	0.518351	0.074624	107.713	0.086127	0.972814	0.346579	0.971065	7	174.31465	-17.044
4	0.924381	0.061162	127.728	0.158716	0.000908	0.51358	0.000146	2	283.22621	-5.166
4	0.967249	0.415337	129.721	0.068301	0.08169	0.471792	0.001323	2	234.35955	-5.12
4	0.166766	0.094567	99.026	0.032412	0.985989	0.465136	2e-06	7	226.54621	-12.026
4	0.290107	0.123125	150.8	0.05749	0.637928	0.468332	0.825296	9	358.53016	-19.521
4	0.456275	0.067761	103.176	0.030949	0.639795	0.553341	0.000465	9	525.69288	-13.904
4	0.871367	0.101502	133.765	0.051031	0.077283	0.637901	0.0	0	198.33288	-4.105
4	0.915206	0.082737	122.526	0.038967	0.040079	0.458302	0.021541	1	375.82621	-10.145
4	0.914644	0.152096	175.468	0.061534	0.001742	0.182305	0.001562	4	405.19946	-7.135
4	0.75419	0.052427	109.55	0.069126	0.095489	0.667107	0.000109	9	286.21946	-7.246
4	0.775668	0.679431	132.107	0.032457	0.011358	0.505398	4.1e-05	7	262.46621	-4.429
4	0.436446	0.094908	156.049	0.031444	0.041628	0.342794	0.006124	7	213.78567	-15.646
4	0.916099	0.458285	130.922	0.048587	0.130895	0.499942	0.001969	0	370.93832	-7.294
4	0.819407	0.142543	122.107	0.045089	0.000285	0.775617	0.569232	5	447.93288	-8.765
4	0.487061	0.370749	137.986	0.043365	0.33356	0.496955	0.904514	11	212.50567	-15.797
4	0.756462	0.253088	81.204	0.106178	0.008008	0.504708	0.056426	4	219.03955	-8.401
4	0.756764	0.08511	84.276	0.069505	0.783609	0.708867	0.00031	1	29.99973	-5.942
4	0.834691	0.349395	98.679	0.058095	0.000447	0.350099	0.822542	0	651.19955	-11.128
4	0.569978	0.233589	179.104	0.02895	0.007366	0.34965	0.034693	0	288.78621	-8.408
4	0.974096	0.189977	171.38	0.245289	0.000577	0.287276	0.000717	1	167.33995	-6.588
4	0.821161	0.084077	130.007	0.038018	0.067924	0.765495	0.002959	0	221.89288	-8.252
4	0.882063	0.25434	138.36	0.065793	0.086657	0.561906	9.9e-05	7	223.85288	-6.298
4	0.39299	0.70502	145.97	0.034771	0.678065	0.2574	0.276087	4	418.97751	-18.081
4	0.269237	0.920147	163.613	0.041798	0.720422	0.237166	0.801798	7	370.46812	-19.912
4	0.469224	0.217427	105.983	0.027309	0.175409	0.562953	0.000137	9	166.73288	-12.551
4	0.442541	0.100609	169.278	0.04785	0.245543	0.529412	0.0	2	255.13751	-12.949
4	0.282126	0.114951	95.351	0.095721	0.688399	0.790494	0.8211	7	175.62077	-18.309
4	0.848151	0.96367	113.049	0.043801	0.157735	0.29365	0.006545	8	348.15955	-7.575
4	0.418345	0.985619	96.988	0.070467	0.320909	0.306527	0.724177	9	406.22621	-10.961
4	0.918163	0.357615	177.324	0.109319	0.021322	0.235433	0.005243	7	858.37288	-6.093
4	0.527782	0.34263	120.698	0.029935	0.332485	0.332277	0.836123	5	258.57696	-8.496
4	0.410291	0.439893	171.16	0.055534	0.389819	0.682279	0.000128	5	111.0868	-11.316
1	0.665666	0.1321	102.401	0.030768	0.353721	0.678289	0.000192	11	263.53288	-7.993
4	0.726861	0.34107	146.099	0.031628	0.385379	0.523914	0.00035	9	293.98354	-14.365
4	0.171432	0.116998	87.3	0.268696	0.580866	0.447373	1e-06	0	213.9951	-22.966
4	0.392148	0.885737	110.887	0.089999	0.606696	0.485894	0.0	11	258.66621	-16.645
4	0.441849	0.062624	139.802	0.029794	0.153337	0.504511	0.111063	7	149.93288	-12.438
4	0.915705	0.177723	143.653	0.043894	0.149303	0.520061	1e-06	7	359.51955	-7.726
4	0.533511	0.311099	112.474	0.05488	0.802053	0.598965	8.2e-05	7	217.91302	-11.594
4	0.853976	0.052245	130.014	0.040497	0.49635	0.726856	0.661629	0	247.14404	-5.668
4	0.995972	0.986803	155.979	0.113576	0.532112	0.367552	0.855644	4	129.47955	-2.386
4	0.832521	0.318587	131.171	0.031763	0.006882	0.471401	0.000404	4	264.41288	-5.809
4	0.256347	0.680151	117.154	0.173099	0.599363	0.783894	0.002955	0	152.26621	-18.624
4	0.608793	0.942011	107.99	0.310809	0.219838	0.480097	1e-06	0	394.55955	-10.807
4	0.965986	0.979364	147.016	0.137852	0.207173	0.409034	0.0	11	294.20517	-5.514
4	0.69878	0.490756	97.552	0.02993	0.365091	0.228006	0.137636	7	388.59955	-10.813
4	0.437074	0.519474	92.254	0.055462	0.5153	0.71887	0.00017	2	332.70621	-14.013
3	0.726545	0.958548	96.694	0.06291	0.567075	0.228067	0.023018	0	371.23955	-11.077
4	0.724559	0.076297	128.872	0.030361	0.01403	0.505945	0.143906	9	248.35955	-7.195
4	0.628078	0.182643	136.834	0.040542	0.009993	0.259869	0.0	10	180.70354	-12.33
4	0.659967	0.097471	146.771	0.033968	0.677715	0.419278	0.000516	4	351.67714	-9.869
4	0.503137	0.911081	112.104	0.050918	0.043815	0.483461	0.000632	6	283.10354	-18.694
4	0.763948	0.148556	93.906	0.027032	0.132367	0.539529	0.006068	5	321.68599	-8.6
4	0.958863	0.981739	124.079	0.079944	0.088749	0.651715	0.000153	2	197.95955	-5.892
3	0.657405	0.080154	96.296	0.039031	0.253844	0.480068	0.784587	2	349.98812	-16.195
4	0.831989	0.067524	125.451	0.063934	0.056249	0.585544	0.180456	4	174.82621	-9.261
4	0.815191	0.464175	107.218	0.05038	0.017633	0.717319	0.001579	9	304.69288	-7.721
4	0.570359	0.218205	113.223	0.033041	0.25383	0.809692	0.087828	10	188.86594	-12.343
4	0.293401	0.112168	141.164	0.034128	0.4666	0.707526	0.006784	4	202.73587	-12.467
4	0.954088	0.567935	128.266	0.080929	0.001033	0.372679	0.003565	2	430.75955	-4.616
4	0.484135	0.244776	123.869	0.032139	0.705989	0.672884	1e-06	11	222.27955	-11.214
4	0.90448	0.074532	162.343	0.05983	0.095754	0.454543	3.6e-05	6	208.03955	-6.8
1	0.830152	0.320558	84.378	0.055428	0.001586	0.303763	0.910289	4	47.35955	-6.692
4	0.819358	0.108141	116.34	0.027891	0.1097	0.716943	3e-06	0	161.59955	-3.79
4	0.495017	0.215	76.973	0.040586	0.211448	0.560727	7e-06	2	172.69506	-13.871
4	0.378272	0.109184	72.817	0.032664	0.79467	0.621605	0.000246	6	188.73288	-10.225
4	0.956956	0.709052	120.969	0.108027	0.000961	0.448512	3e-06	3	373.68118	-5.02
4	0.763808	0.201787	139.988	0.027411	0.000438	0.443456	9.1e-05	6	157.67465	-10.316
4	0.806831	0.67015	82.906	0.071807	0.096148	0.322121	0.21491	2	656.22621	-11.508
4	0.36166	0.115857	81.028	0.035591	0.765623	0.258196	0.792853	10	198.03383	-15.289
4	0.285733	0.547191	98.925	0.037102	0.14454	0.447094	9.4e-05	11	256.28757	-24.254
4	0.366407	0.882915	83.826	0.031502	0.007497	0.26129	0.013487	4	496.92803	-23.05
4	0.715252	0.123257	74.592	0.0742	0.018282	0.360555	0.072083	7	218.04	-10.723
4	0.343686	0.301728	66.11	0.035128	0.910901	0.271665	0.801918	4	368.26231	-16.536
4	0.595234	0.098923	129.998	0.037473	0.247689	0.294651	0.888592	0	345.41088	-5.105
4	0.589277	0.278551	116.996	0.031152	0.014265	0.580842	0.011542	4	357.21288	-9.226
4	0.071509	0.16516	81.61	0.038558	0.995432	0.196305	0.90588	3	237.99955	-28.32
4	0.647353	0.809069	153.487	0.042047	0.454358	0.388588	0.039874	0	225.59955	-17.771
4	0.844597	0.489973	117.236	0.111926	0.524826	0.512919	4e-06	9	341.85601	-11.771
4	0.794659	0.182728	147.976	0.035685	0.017947	0.477287	0.155151	2	502.97288	-5.437
4	0.417959	0.20115	92.919	0.033705	0.074432	0.557458	0.033565	2	238.81098	-18.579
4	0.759171	0.0647	95.855	0.07166	0.038529	0.628416	0.013029	5	282.65288	-7.156
4	0.715178	0.214889	110.06	0.031248	0.942259	0.367334	0.912031	10	249.12934	-10.616
4	0.13837	0.08621	115.809	0.032581	0.915091	0.311015	0.000272	2	234.55955	-13.103
1	0.342091	0.106831	135.818	0.048591	0.754038	0.710648	0.91592	9	188.682	-20.334
4	0.897715	0.237333	113.534	0.036799	0.083656	0.633104	0.000679	9	189.94621	-5.453
4	0.337382	0.072589	92.213	0.058666	0.779385	0.570686	6.9e-05	11	240.57288	-18.44
4	0.497571	0.187348	124.997	0.027733	0.036841	0.592858	7.2e-05	11	215.22385	-14.094
4	0.673972	0.742488	80.475	0.051416	0.386812	0.516783	3e-06	1	348.62621	-7.41
4	0.561574	0.089112	96.255	0.02664	0.005682	0.649505	8e-06	1	293.97288	-8.352
4	0.442511	0.36204	102.176	0.044688	0.320698	0.505988	3e-06	0	334.95959	-16.031
4	0.694986	0.121741	100.565	0.035736	0.22818	0.664713	0.000258	2	244.69288	-15.088
4	0.938206	0.986697	116.524	0.114512	0.18574	0.406447	0.000103	7	206.42494	-5.629
4	0.92115	0.335402	129.958	0.058274	0.053435	0.612846	0.0	9	216.83955	-5.22
4	0.487616	0.182472	144.193	0.032521	0.061795	0.76987	0.000511	9	289.47701	-7.612
4	0.912267	0.945097	84.343	0.067892	0.006922	0.252676	6e-06	2	274.45288	-4.846
4	0.45111	0.178871	167.88	0.040007	0.138364	0.505492	0.001833	7	197.35465	-16.162
4	0.481086	0.22762	135.642	0.054031	0.81827	0.546066	0.883962	5	197.98159	-16.889
4	0.251571	0.079985	126.824	0.040185	0.726775	0.707217	0.013352	9	311.45556	-21.705
4	0.888878	0.952559	113.682	0.043119	0.045998	0.054838	0.056414	11	327.10485	-13.506
4	0.088275	0.688099	88.339	0.035891	0.954456	0.478612	0.204856	10	341.49288	-22.552
4	0.200542	0.101741	109.806	0.049347	0.356964	0.767722	0.042564	7	228.28363	-18.539
4	0.335714	0.464032	82.681	0.051023	0.295986	0.520578	0.0	5	232.66621	-15.189
4	0.89781	0.644264	113.074	0.030431	0.193824	0.714239	0.001161	7	317.28281	-8.455
4	0.615991	0.112428	119.947	0.028856	0.004107	0.570005	0.0	6	266.13288	-10.209
4	0.134364	0.122301	94.706	0.027254	0.639819	0.549244	1e-06	0	276.63628	-20.851
4	0.755304	0.101654	88.465	0.046191	0.827276	0.50916	0.186461	5	261.31692	-12.405
4	0.45969	0.210667	97.57	0.034227	0.691081	0.555753	0.193205	7	321.30567	-18.94
4	0.480874	0.106508	105.654	0.060112	0.01811	0.533321	6.4e-05	0	166.66621	-9.216
4	0.538208	0.144998	127.717	0.036368	0.007562	0.476557	0.0	4	217.65179	-10.36
3	0.418885	0.401448	128.905	0.035588	0.139567	0.286085	0.620293	7	762.01751	-18.582
4	0.910036	0.962549	148.445	0.067896	0.057131	0.276331	0.000175	9	194.11837	-6.859
4	0.942951	0.250635	113.224	0.135323	0.058539	0.447096	4e-06	0	146.57288	-6.922
3	0.534577	0.191306	128.165	0.039845	0.779553	0.735497	0.367702	7	267.62404	-16.97
4	0.036585	0.063603	93.704	0.035854	0.76068	0.666599	1.3e-05	7	138.29288	-23.208
4	0.573612	0.173021	189.994	0.077416	0.380843	0.691872	0.002876	9	228.0195	-13.625
4	0.95294	0.947532	82.018	0.084276	0.001492	0.24097	0.0	5	264.59955	-5.416
3	0.425758	0.068458	91.843	0.026897	0.341409	0.553891	0.003149	8	269.68771	-18.108
4	0.927539	0.251627	148.183	0.038708	0.038689	0.544297	6e-06	11	242.30621	-7.592
3	0.981376	0.976386	135.179	0.124962	0.133445	0.278983	0.699914	8	249.79955	-4.221
4	0.840691	0.076963	111.215	0.055825	0.242239	0.562122	0.409461	2	336.83515	-7.539
4	0.634338	0.969011	81.797	0.078489	0.082106	0.28296	0.003468	5	308.59955	-13.356
4	0.983762	0.913118	136.647	0.13765	0.79745	0.281959	0.061692	3	218.08757	-9.606
4	0.47956	0.643937	176.857	0.066186	0.559868	0.458015	0.000219	4	321.4624	-18.773
4	0.886596	0.883322	75.408	0.110229	0.002144	0.346808	0.003443	2	490.42667	-6.535
4	0.950267	0.97058	94.217	0.063736	6.8e-05	0.367938	0.000148	4	273.61288	-7.841
4	0.462106	0.064981	129.959	0.084408	0.187516	0.59465	6e-06	0	419.90621	-12.974
4	0.413059	0.134404	121.895	0.095816	0.159861	0.587736	0.193085	9	176.43057	-18.458
4	0.996281	0.830365	110.995	0.06304	0.229094	0.32343	0.626409	7	197.94621	-8.968
3	0.840342	0.070575	215.599	0.145451	0.291382	0.234374	0.0	4	172.73288	-7.551
4	0.57175	0.219714	116.376	0.035164	0.02043	0.453438	0.002524	7	355.43955	-8.975
4	0.841289	0.974449	112.2	0.040792	0.024137	0.438213	9e-06	7	304.35955	-6.209
4	0.52639	0.392035	100.495	0.045885	0.023201	0.589333	7e-06	5	163.21261	-17.451
4	0.50753	0.21651	92.324	0.025792	0.181139	0.623024	0.001354	1	170.73488	-9.659
4	0.248142	0.369568	98.952	0.032808	0.446296	0.371821	0.0	5	255.11955	-17.314
4	0.922698	0.295988	116.001	0.0348	0.169723	0.607611	7e-06	9	294.98621	-3.947
4	0.803887	0.078038	88.364	0.11164	0.056197	0.538853	0.0	0	228.33288	-5.284
4	0.938257	0.964642	130.03	0.062103	0.008595	0.438549	0.000171	0	190.66621	-6.917
4	0.483896	0.093155	84.454	0.03737	0.051694	0.558217	1e-06	9	289.91955	-15.792
4	0.463056	0.116886	90.194	0.047143	0.067538	0.669888	0.003795	2	235.54567	-16.06
4	0.317139	0.702791	84.286	0.072055	0.903646	0.593659	0.017082	0	160.91383	-19.743
4	0.524529	0.127462	146.347	0.042307	0.310945	0.471439	7e-06	6	233.11156	-17.494
4	0.896273	0.892218	133.32	0.065864	0.356111	0.545364	0.0	4	177.57288	-10.896
4	0.476406	0.674353	123.028	0.072527	0.038726	0.326651	0.104971	7	286.30621	-15.117
4	0.789395	0.188206	125.028	0.041198	0.175594	0.607346	9e-06	7	291.39955	-8.051
4	0.958471	0.118478	137.904	0.11036	7.1e-05	0.254382	0.879196	7	124.49288	-5.583
4	0.798456	0.83526	112.946	0.042385	0.113431	0.501507	0.000132	9	231.71955	-6.745
1	0.286602	0.132753	77.276	0.034202	0.625344	0.196753	0.000161	4	205.7922	-17.715
4	0.799299	0.081212	135.38	0.039573	0.713995	0.65602	0.405646	4	251.81995	-8.64
4	0.374395	0.117526	145.751	0.061134	0.596628	0.372012	0.868983	4	520.46322	-18.176
4	0.727601	0.310052	178.33	0.15297	0.661456	0.396173	1e-06	2	309.75955	-8.294
4	0.759023	0.047862	142.539	0.048784	0.010209	0.522167	0.0	7	227.06621	-10.865
4	0.53758	0.993969	128.036	0.045001	0.610811	0.587897	0.121189	2	423.05288	-11.676
4	0.635853	0.101069	130.186	0.038527	0.053196	0.531597	0.117286	7	211.04281	-18.09
4	0.816227	0.977537	110.073	0.048468	0.229139	0.631214	1e-06	4	329.79955	-7.498
4	0.501607	0.090579	80.282	0.025549	0.298351	0.539132	0.0	9	287.75293	-8.647
4	0.352042	0.172366	120.366	0.037349	0.762269	0.674369	3e-06	7	132.69288	-13.145
4	0.61081	0.324906	171.764	0.064416	0.316291	0.474105	0.0	0	133.199	-7.847
4	0.810191	0.068193	135.148	0.036786	0.004075	0.704599	0.0	6	306.65288	-3.631
4	0.971378	0.948571	145.557	0.079088	1.6e-05	0.163406	0.431894	9	255.34667	-7.177
4	0.717328	0.06405	176.196	0.131436	0.000217	0.371523	0.271611	9	135.53288	-3.898
4	0.775577	0.089443	105.052	0.027483	0.024184	0.652035	1e-06	6	222.53288	-7.412
3	0.177426	0.070427	128.267	0.040951	0.246268	0.607517	5.1e-05	7	85.86621	-20.287
4	0.79505	0.549342	86.671	0.035706	0.056787	0.361377	0.253214	7	164.86621	-11.352
4	0.949706	0.956689	125.739	0.075825	0.002421	0.437053	0.009312	4	299.59955	-7.81
4	0.608735	0.118614	125.441	0.052563	0.583655	0.423692	0.030316	1	349.67955	-9.37
5	0.437613	0.079154	140.176	0.040874	0.423035	0.235468	0.875729	7	329.42975	-19.239
4	0.811688	0.883904	99.959	0.032795	0.000163	0.347836	0.59278	7	401.65288	-7.255
4	0.839394	0.099552	126.481	0.029897	0.006505	0.693431	0.028711	9	219.41288	-5.503
4	0.463805	0.071564	136.416	0.045572	0.448962	0.451315	0.003544	9	357.29288	-11.521
4	0.782179	0.227973	110.29	0.025812	0.065014	0.725889	1.8e-05	2	252.06621	-5.259
4	0.73139	0.897694	97.809	0.043423	0.180328	0.280934	0.00104	9	1230.33206	-5.594
4	0.358012	0.094686	82.188	0.031026	0.614068	0.667436	0.422461	4	263.99302	-18.489
4	0.755703	0.149198	153.188	0.036285	0.10555	0.585522	0.152055	2	231.02621	-11.299
3	0.310246	0.074845	87.996	0.028307	0.524102	0.294216	0.400702	0	231.8624	-15.794
4	0.540604	0.133096	133.39	0.052878	0.245159	0.388834	0.011679	3	265.89125	-14.167
4	0.839491	0.362138	132.018	0.076374	0.015745	0.323341	0.015844	11	407.18621	-6.763
4	0.473396	0.212451	105.86	0.036048	0.007393	0.713969	0.072444	4	241.99791	-18.069
4	0.769368	0.086685	108.766	0.04264	0.275244	0.671105	2e-06	11	241.63955	-9.375
4	0.067051	0.093978	140.802	0.043172	0.973626	0.36167	0.052569	2	279.46621	-13.493
3	0.768421	0.792129	139.674	0.143963	0.553073	0.268692	0.772477	2	533.57288	-8.094
4	0.706255	0.140293	142.105	0.029738	0.363003	0.416096	3e-06	10	412.23955	-4.565
4	0.454865	0.281467	158.184	0.117411	0.006116	0.618667	0.092487	9	204.39955	-12.501
4	0.318316	0.083139	88.421	0.036062	0.694463	0.616208	0.073592	4	161.56399	-19.421
4	0.696007	0.144582	108.189	0.046674	0.831015	0.389343	0.964258	4	395.31057	-17.172
4	0.508205	0.564161	92.316	0.039678	0.028636	0.434957	0.075474	1	382.58893	-14.927
4	0.788023	0.340886	102.61	0.038141	0.021459	0.605801	0.204051	8	213.29288	-10.748
4	0.493969	0.133458	84.612	0.042498	0.016497	0.538542	0.000761	4	265.50621	-8.081
4	0.963094	0.958875	138.119	0.06247	0.061735	0.348939	2.2e-05	0	247.35302	-6.897
4	0.75761	0.080636	116.62	0.035096	0.513749	0.719707	3e-06	2	191.50621	-4.731
4	0.206828	0.376594	86.854	0.054144	0.795567	0.445941	0.000589	9	322.66404	-19.277
4	0.349853	0.02617	147.54	0.077365	0.60284	0.793097	0.001092	10	185.97601	-21.549
4	0.091902	0.484811	101.13	0.061354	0.000476	0.246483	0.60582	2	140.85179	-32.258
4	0.924404	0.065898	125.819	0.027081	0.021035	0.725215	0.013639	4	246.46621	-4.983
4	0.529858	0.106389	116.978	0.032879	0.064983	0.800737	0.000143	7	237.35955	-11.988
4	0.796315	0.592741	131.466	0.026098	0.081984	0.607445	0.007619	7	185.55955	-7.942
4	0.876687	0.737345	142.74	0.037187	0.504372	0.573289	1e-06	9	227.99955	-6.744
4	0.508792	0.325922	127.139	0.038537	0.369749	0.754517	0.009628	9	336.25288	-9.242
4	0.859995	0.088919	128.01	0.049744	0.005615	0.63926	0.070685	4	250.41288	-8.053
4	0.857633	0.962626	122.467	0.122388	0.057326	0.491214	4e-06	2	328.31955	-6.224
4	0.948179	0.329716	123.241	0.061773	0.002075	0.430819	0.000682	6	186.69288	-3.615
4	0.872428	0.502283	80.539	0.062226	0.002645	0.203685	0.031632	5	441.96526	-8.903
4	0.906577	0.248684	202.815	0.110983	0.058149	0.280864	0.0	5	236.73288	-4.099
4	0.411928	0.056601	134.195	0.032382	0.434379	0.676407	0.605632	2	496.24771	-16.785
4	0.232351	0.216113	56.577	0.028333	0.939943	0.314717	0.000134	7	214.86621	-12.308
4	0.751112	0.086484	91.968	0.032676	0.072478	0.499912	0.315106	0	285.54404	-14.805
4	0.686963	0.486794	90.875	0.046375	0.275752	0.323285	0.003313	4	268.66621	-11.607
3	0.546506	0.28895	126.133	0.055333	0.114604	0.57965	0.000374	1	186.11156	-20.341
4	0.662226	0.695291	85.364	0.147695	0.335883	0.383446	0.247685	0	297.13288	-13.793
4	0.681146	0.771905	132.597	0.033614	0.361737	0.471534	0.135068	2	276.87107	-8.932
1	0.711201	0.120525	154.218	0.042169	0.8747	0.406165	0.746999	4	203.96363	-12.527
4	0.326709	0.14247	96.19	0.02665	0.05029	0.361218	2e-06	7	208.4673	-9.692
4	0.846074	0.328567	98.47	0.030937	0.394989	0.615216	5.2e-05	7	203.44118	-9.241
4	0.614034	0.147884	97.062	0.037839	0.181157	0.593627	0.0	0	185.21288	-7.388
4	0.469738	0.040423	147.494	0.034666	0.048363	0.55897	0.003036	4	200.67955	-11.823
4	0.726898	0.239506	131.848	0.047472	0.180864	0.454981	4e-06	4	264.57601	-12.135
4	0.745213	0.210449	118.277	0.123627	0.522192	0.457017	0.131554	7	289.95955	-13.563
4	0.865864	0.670834	130.362	0.046707	0.014933	0.637327	0.000571	0	239.20281	-5.361
4	0.504791	0.246936	124.244	0.038432	0.332189	0.56846	1e-06	9	151.65288	-11.137
4	0.341676	0.146786	80.399	0.036232	0.899886	0.650192	0.586535	4	394.84036	-20.538
4	0.404815	0.085018	87.542	0.029985	0.207721	0.56825	0.950166	5	377.61288	-11.899
4	0.91138	0.938224	156.181	0.057126	0.206987	0.295426	0.002845	5	361.79955	-13.533
4	0.932934	0.9626	201.841	0.160293	0.195246	0.311201	4e-06	6	247.66621	-3.506
3	0.230944	0.287504	98.843	0.032008	0.942104	0.610135	0.895865	8	371.77424	-20.579
4	0.841405	0.933196	137.656	0.057147	0.005529	0.440014	0.120035	4	187.89288	-12.617
4	0.508801	0.081172	115.726	0.031986	0.03516	0.382864	0.389885	9	467.32336	-10.036
4	0.807513	0.298724	196.152	0.048206	0.008658	0.2615	2.2e-05	2	150.95955	-6.377
4	0.641655	0.449726	125.164	0.074442	0.174515	0.42704	0.0	4	480.45288	-13.638
4	0.423509	0.338192	177.421	0.061527	0.668236	0.489763	0.0	4	173.82621	-11.576
4	0.843057	0.173119	136.206	0.034376	0.246134	0.516137	0.012314	9	221.24957	-7.474
4	0.748381	0.10828	110.094	0.046495	0.004287	0.504071	0.028104	7	248.72009	-8.967
4	0.802836	0.985576	124.908	0.039415	0.101851	0.364788	0.106466	11	393.65288	-6.675
4	0.54628	0.071349	73.874	0.038347	0.000408	0.494092	0.003853	0	209.78667	-7.34
4	0.3083	0.142906	91.911	0.048232	0.06865	0.576732	0.06465	11	205.81832	-23.052
4	0.637833	0.054136	74.118	0.087353	0.111754	0.762895	0.001274	0	328.41288	-8.502
4	0.274454	0.071201	109.852	0.029861	0.505591	0.603734	0.083591	7	176.5873	-18.456
4	0.703707	0.541819	156.398	0.04465	0.271341	0.517837	0.026267	2	271.02621	-5.991
4	0.333979	0.431292	90.454	0.029184	0.124579	0.631594	3e-06	0	217.79955	-13.358
4	0.326323	0.126885	75.422	0.05655	0.47828	0.515239	0.0	11	233.70621	-14.094
4	0.834373	0.493238	111.064	0.029852	0.140532	0.65116	0.001988	2	251.02621	-5.237
4	0.372806	0.707239	110.731	0.070163	0.856531	0.502747	0.000887	0	177.95955	-13.961
4	0.509195	0.093934	157.912	0.0312	0.585702	0.303586	0.526055	5	197.27628	-14.829
4	0.530245	0.077261	82.025	0.040231	0.478545	0.579368	6.9e-05	9	204.18621	-10.095
4	0.664215	0.414979	140.31	0.047407	0.579309	0.220021	0.686931	3	327.88853	-14.503
4	0.526476	0.770262	85.862	0.045236	0.259854	0.238927	0.707866	4	331.96803	-24.873
4	0.684167	0.207219	140.531	0.063788	0.010265	0.746515	0.000445	7	338.79955	-8.273
4	0.384065	0.080078	194.374	0.027747	0.102761	0.365117	0.658679	7	202.9971	-17.322
4	0.891433	0.455622	115.465	0.050225	0.238824	0.648308	0.0	0	186.98621	-4.245
4	0.733117	0.985928	75.653	0.042055	0.476019	0.543461	7.5e-05	0	167.19955	-6.468
4	0.804621	0.105353	130.982	0.050233	0.060911	0.425217	0.840005	5	295.79955	-8.694
4	0.767101	0.952169	74.748	0.059244	0.807113	0.242896	0.001565	0	720.9327	-7.878
4	0.782148	0.332229	150.129	0.058199	0.14607	0.449605	0.031797	0	164.95955	-11.54
4	0.699609	0.573162	76.066	0.053889	0.042699	0.64994	2.8e-05	7	173.89669	-10.894
4	0.425263	0.126731	136.355	0.032402	0.384353	0.282278	0.269787	4	289.77288	-9.353
4	0.840082	0.096051	145.977	0.031773	0.008901	0.657036	1.5e-05	4	191.41288	-6.726
4	0.698484	0.981035	134.285	0.029848	0.077723	0.488024	0.001541	7	347.55583	-6.405
4	0.787188	0.353278	122.086	0.048283	0.00243	0.3302	0.000168	2	363.91955	-6.971
4	0.757064	0.493363	98.296	0.050496	0.001155	0.342374	0.000661	9	147.53333	-11.727
4	0.925499	0.263519	128.721	0.054833	0.468474	0.673412	0.0	9	219.64803	-8.326
4	0.702188	0.076914	133.469	0.034901	0.694127	0.634682	0.001106	7	165.04027	-11.939
4	0.404447	0.965275	101.902	0.034233	0.007171	0.301497	0.012877	7	477.26621	-15.37
4	0.912866	0.166422	128.141	0.059075	0.597248	0.660523	0.018484	9	251.22621	-6.67
4	0.838203	0.553555	152.833	0.077976	0.071473	0.229206	0.000116	6	252.63955	-11.008
4	0.76838	0.374257	141.842	0.072223	0.240027	0.31867	0.00175	9	507.79383	-9.816
4	0.32113	0.162018	128.358	0.065703	0.091509	0.536064	7e-06	9	199.28771	-17.863
4	0.446697	0.133235	127.41	0.032072	0.393969	0.653754	0.0	0	243.25179	-15.645
4	0.324318	0.205125	122.861	0.03581	0.272339	0.610228	0.006069	0	165.74649	-15.991
4	0.449777	0.063361	95.764	0.029616	0.054374	0.73863	0.013855	6	232.33288	-10.106
4	0.946246	0.954771	128.102	0.334182	0.016923	0.303943	1e-06	4	369.41651	-7.753
4	0.864531	0.261397	166.04	0.040177	0.098427	0.364056	2e-06	1	203.25288	-3.684
4	0.457405	0.220189	147.075	0.053916	0.066586	0.664312	0.0	7	252.682	-14.912
4	0.57405	0.987413	138.625	0.035968	0.438157	0.380171	2e-06	7	252.35955	-7.993
4	0.666109	0.212894	85.222	0.039508	0.371371	0.394187	9e-06	9	281.99955	-11.316
4	0.556666	0.089331	110.225	0.032592	0.291287	0.797212	0.015811	11	305.89288	-12.274
4	0.144271	0.277199	85.682	0.035304	0.7988	0.559805	0.000236	2	191.52934	-21.854
4	0.399531	0.114793	75.585	0.034939	0.654636	0.3199	0.078179	7	228.10077	-15.211
4	0.646341	0.086751	168.022	0.046527	0.222276	0.564329	3.9e-05	10	257.19955	-11.687
4	0.870631	0.903967	102.838	0.06837	0.515424	0.347583	0.95702	7	339.95955	-7.187
4	0.940475	0.278379	127.961	0.047955	0.045534	0.534427	0.000296	8	210.79955	-4.837
3	0.396637	0.348588	62.023	0.088165	0.686445	0.317571	0.655808	2	274.62621	-13.7
4	0.949887	0.959605	128.083	0.068395	0.001142	0.328266	0.38839	8	448.77288	-8.828
4	0.945001	0.06348	142.423	0.050813	0.146182	0.798491	1e-06	7	231.30621	-4.168
4	0.647485	0.972239	119.177	0.050194	0.173609	0.183125	0.000876	2	430.99383	-9.413
4	0.929832	0.917369	89.782	0.048939	0.039187	0.253493	0.000382	9	245.96853	-11.257
4	0.976303	0.321909	150.404	0.051158	0.217159	0.561649	2e-06	9	256.73288	-4.149
4	0.690583	0.74102	144.852	0.215059	0.186087	0.483815	0.001432	5	189.29288	-11.639
4	0.881397	0.711647	87.592	0.09782	0.393779	0.462661	0.765101	11	485.91782	-8.224
4	0.49322	0.102666	103.966	0.023364	0.184534	0.576358	0.0106	2	217.70404	-7.839
4	0.427235	0.17377	81.531	0.027142	0.084853	0.520102	0.019882	0	351.21587	-11.566
4	0.401712	0.104276	150.089	0.028554	0.26745	0.594961	0.094645	6	307.05288	-10.259
4	0.933512	0.020363	109.21	0.051194	0.095165	0.767565	2e-05	5	193.59955	-7.302
4	0.230131	0.273188	107.884	0.040106	0.469314	0.594741	3e-06	4	223.34649	-16.721
4	0.788946	0.200406	174.195	0.05754	0.000703	0.197728	0.442988	2	261.54912	-7.392
4	0.86159	0.108195	99.837	0.06677	0.274869	0.315164	0.003078	2	668.47302	-9.718
4	0.720456	0.072108	105.985	0.039999	0.080861	0.527665	0.0	9	180.83156	-14.134
4	0.6423	0.818684	136.328	0.031671	0.210844	0.49724	0.001086	0	179.37025	-13.278
4	0.610931	0.942052	112.151	0.03832	0.02155	0.444152	0.328805	7	319.39873	-17.2
4	0.361969	0.088424	104.021	0.027588	0.077459	0.706557	2e-05	7	235.94231	-13.811
4	0.780014	0.914252	134.638	0.067774	0.011515	0.359258	0.045528	9	300.33288	-13.128
4	0.823631	0.887514	141.992	0.0662	0.027703	0.360445	3.3e-05	4	515.13288	-8.909
4	0.642879	0.27739	127.298	0.031759	0.502699	0.54085	1e-05	2	260.99955	-7.486
4	0.90309	0.907024	88.577	0.165927	0.063193	0.298704	0.000177	4	279.89288	-6.791
4	0.947544	0.05293	159.788	0.052938	0.010506	0.466241	3.5e-05	9	175.73361	-6.435
4	0.928838	0.58691	130.859	0.052834	0.000586	0.370941	0.0	0	286.03202	-9.618
4	0.53918	0.152472	127.381	0.035339	0.011729	0.642579	6.4e-05	9	30.04036	-8.129
4	0.407896	0.211007	102.824	0.029612	0.309285	0.399007	9.6e-05	7	227.34431	-11.026
4	0.876456	0.410484	141.647	0.059178	0.002262	0.521801	0.026093	4	211.33288	-7.613
4	0.988167	0.770438	137.824	0.102948	0.024758	0.371862	0.0	8	184.53288	-3.615
4	0.565945	0.072748	108.896	0.080696	0.061247	0.809357	0.587385	10	182.43955	-8.423
4	0.366702	0.697215	179.172	0.032253	0.20137	0.311467	0.735738	7	341.89016	-20.011
4	0.517672	0.139166	109.754	0.035762	0.088789	0.762292	5e-06	0	187.82621	-8.096
4	0.70658	0.396426	73.832	0.029931	0.0901	0.419669	2.8e-05	7	211.35628	-8.951
4	0.697349	0.190052	146.496	0.038776	0.002603	0.526804	0.003195	7	259.97288	-13.835
4	0.714173	0.345551	120.005	0.02811	0.047447	0.596284	1e-06	11	178.95955	-6.723
4	0.55141	0.182826	94.248	0.041141	0.256855	0.636505	0.009719	5	287.10621	-11.31
4	0.522611	0.733598	141.048	0.05869	0.344359	0.43799	0.121603	5	365.73288	-8.809
4	0.507773	0.094367	103.636	0.025343	0.604543	0.516608	0.020276	2	277.33288	-11.161
4	0.743058	0.875538	107.895	0.082867	0.108385	0.449725	0.693468	2	689.01288	-10.326
4	0.791543	0.863577	139.592	0.057606	0.043968	0.51699	0.038213	11	236.29288	-9.608
4	0.739538	0.978729	136.569	0.039887	0.073388	0.501116	0.001265	7	355.96145	-6.533
4	0.947994	0.935026	125.182	0.050122	0.011374	0.54262	0.100884	5	279.24272	-6.892
4	0.753313	0.103745	121.066	0.030737	0.453939	0.790646	0.006313	9	284.68277	-6.927
4	0.604306	0.083689	121.363	0.033444	0.656537	0.737393	0.307516	7	191.9473	-13.131
4	0.482596	0.089741	116.421	0.038564	0.709064	0.64522	0.001725	2	272.74621	-11.78
4	0.976408	0.965523	128.646	0.090374	0.066781	0.342624	0.002308	4	341.38621	-1.931
4	0.735511	0.12286	121.803	0.043517	0.167374	0.510422	0.021886	0	171.89288	-7.841
4	0.615968	0.155809	125.601	0.035977	0.024621	0.594035	0.000105	2	208.33288	-9.132
4	0.443054	0.171758	105.154	0.034888	0.335419	0.616276	0.0	11	219.66621	-15.474
4	0.915079	0.091099	104.992	0.064752	0.006531	0.467973	0.0	2	301.50621	-4.224
4	0.87786	0.213056	141.314	0.057673	0.480655	0.530456	0.0	9	200.17288	-6.522
4	0.870045	0.963009	123.045	0.060205	0.18853	0.328649	0.859833	7	375.53288	-11.278
4	0.657397	0.94891	129.203	0.056474	0.354526	0.58047	2e-06	7	248.18508	-10.643
4	0.240054	0.099089	72.368	0.029661	0.944284	0.463583	2.5e-05	4	179.11728	-11.57
4	0.467462	0.100158	109.064	0.035553	0.89726	0.590574	0.859099	2	135.3922	-18.014
4	0.283806	0.448133	73.061	0.048617	0.548782	0.188017	0.729265	9	1401.67791	-18.641
4	0.977092	0.950116	119.053	0.111299	0.04761	0.37496	3e-06	5	231.10621	-3.973
4	0.656864	0.065001	115.36	0.031716	0.1082	0.468968	0.004555	1	250.46354	-11.552
4	0.476313	0.104078	119.16	0.031342	0.182624	0.685646	0.889991	4	205.84444	-17.623
4	0.727891	0.212486	113.978	0.030584	0.026087	0.763922	1.8e-05	7	175.59955	-5.947
4	0.911575	0.076133	142.584	0.059017	0.60901	0.653831	0.0	2	216.57288	-7.008
4	0.369419	0.10629	130.655	0.039648	0.567376	0.799596	0.867908	0	243.43465	-17.598
1	0.790056	0.063405	125.792	0.040679	0.437061	0.48895	0.547293	1	274.33751	-16.516
4	0.900586	0.111781	141.57	0.048114	0.048166	0.549405	1e-06	8	243.03955	-8.492
4	0.398087	0.087515	139.492	0.040903	0.838219	0.756761	0.794136	7	254.04036	-15.966
4	0.641677	0.7405	119.256	0.038543	0.098848	0.526583	1e-06	2	238.39955	-7.695
4	0.860249	0.193112	153.974	0.115671	0.71102	0.397378	0.0	2	185.33941	-5.472
4	0.48558	0.102111	171.993	0.039072	0.981696	0.436443	0.949159	7	240.66567	-17.096
4	0.697491	0.339799	110.63	0.037368	0.243747	0.600017	0.004966	0	198.42621	-10.898
4	0.649865	0.455332	154.825	0.032731	0.002155	0.529848	0.510216	0	235.93288	-11.218
4	0.427556	0.386627	72.887	0.035013	0.581941	0.472257	0.000294	7	279.77578	-15.241
4	0.336229	0.111202	128.593	0.03614	0.854334	0.512364	8e-05	0	300.50621	-11.235
4	0.356606	0.14062	81.801	0.028375	0.178499	0.520466	1e-06	7	255.42485	-19.165
4	0.956397	0.053989	91.243	0.05745	0.064362	0.610471	0.746449	2	232.31955	-7.346
4	0.186586	0.065598	117.563	0.038199	0.406815	0.643566	2.1e-05	9	274.99955	-19.276
4	0.904014	0.152183	111.16	0.040419	0.191353	0.643427	0.004032	2	191.59619	-6.29
4	0.684311	0.280383	127.581	0.039741	0.000152	0.457931	0.194645	10	166.66621	-10.475
4	0.36944	0.062832	115.292	0.030746	0.166719	0.681982	0.009652	2	265.98413	-19.5
4	0.637899	0.057582	133.103	0.035337	0.047352	0.799032	0.564083	9	208.84853	-18.257
4	0.889994	0.067793	114.872	0.051949	0.002867	0.566042	0.000255	2	206.50621	-6.051
4	0.689049	0.953889	128.134	0.04037	0.00167	0.358016	0.000799	7	516.17288	-11.81
4	0.954885	0.049361	130.534	0.042076	0.135818	0.533986	0.670683	2	261.19955	-4.701
4	0.866339	0.324416	166.293	0.26404	0.028174	0.532841	0.02562	7	178.29288	-7.506
4	0.537424	0.640738	79.162	0.045474	0.302707	0.455989	0.006478	7	141.76608	-15.524
4	0.857997	0.144467	113.631	0.03296	0.000949	0.604229	0.007063	5	274.07628	-5.412
4	0.463504	0.05368	168.513	0.036591	0.047721	0.460889	0.486968	4	261.95955	-19.455
4	0.977955	0.515546	127.906	0.046255	0.000279	0.456606	2.5e-05	8	226.35955	-4.505
4	0.559239	0.085406	99.494	0.026356	0.146606	0.780843	0.046696	0	223.19955	-7.223
4	0.639399	0.422539	130.526	0.044625	0.005334	0.383928	3.7e-05	4	271.9342	-13.943
4	0.540914	0.050477	119.509	0.050006	0.042711	0.770153	0.183528	0	253.87955	-13.445
4	0.668273	0.693347	136.026	0.050768	0.208638	0.325634	1e-06	9	208.19546	-12.445
4	0.747049	0.818453	95.659	0.040285	0.027198	0.347381	0.618607	2	192.63955	-9.492
4	0.73484	0.948432	104.76	0.073992	0.038653	0.378999	0.0	2	453.22984	-8.845
4	0.701568	0.052683	122.454	0.028603	0.110542	0.758568	0.000336	9	161.62621	-7.923
4	0.809966	0.811979	135.621	0.114883	0.458124	0.566669	0.03468	7	222.16807	-9.859
4	0.380659	0.297353	72.846	0.031736	0.016245	0.397599	0.000862	4	412.37288	-14.093
4	0.540143	0.04234	131.214	0.052234	0.267874	0.725183	1.2e-05	2	189.45415	-13.886
4	0.793755	0.081292	120.373	0.053623	0.174594	0.629837	1e-06	2	210.38621	-7.856
4	0.941955	0.336621	107.622	0.035566	0.170237	0.484941	2e-06	2	214.19955	-4.556
4	0.97312	0.096694	152.041	0.044584	0.033643	0.543085	0.024553	0	247.85288	-5.077
4	0.493917	0.168706	119.756	0.148654	0.184636	0.604475	2.1e-05	9	237.26621	-16.496
4	0.837928	0.971915	121.284	0.092952	0.05308	0.384689	0.281818	2	516.55955	-13.179
4	0.892975	0.125127	132.735	0.098853	0.0019	0.413111	0.062641	7	232.06621	-5.101
4	0.201593	0.493384	151.375	0.16059	0.926894	0.69428	0.017305	11	202.89288	-18.572
4	0.48386	0.427891	76.796	0.06514	0.0942	0.404094	0.002674	7	646.47791	-17.318
4	0.318165	0.281607	145.249	0.035237	0.677957	0.470372	0.000834	0	157.95955	-12.318
4	0.759819	0.161448	132.177	0.036818	0.026378	0.475639	0.004303	6	320.89288	-7.08
4	0.445987	0.051669	115.937	0.041013	0.345909	0.669722	0.0	9	213.59955	-7.32
4	0.94727	0.025635	121.752	0.051997	0.185171	0.545088	0.0	9	184.2819	-4.984
4	0.521547	0.058748	118.477	0.043168	0.106336	0.752729	0.001044	2	208.66567	-16.223
4	0.808581	0.203696	116.598	0.033148	0.287681	0.522415	0.004097	7	398.75955	-9.816
4	0.955587	0.355355	93.789	0.072791	0.020916	0.44558	0.007988	4	321.69288	-4.63
4	0.882976	0.159205	101.378	0.031875	0.173798	0.47424	0.106397	9	358.35955	-6.432
4	0.608493	0.070808	127.074	0.043704	0.013194	0.641186	0.000121	4	227.34322	-9.696
4	0.937303	0.057337	124.123	0.040013	0.213048	0.714452	1e-06	6	195.25288	-3.011
4	0.924464	0.108223	147.752	0.039476	0.190629	0.461603	1.1e-05	5	228.76844	-6.215
4	0.882862	0.100438	118.632	0.039576	0.221421	0.718819	0.020598	5	242.52181	-8.804
4	0.580223	0.681804	108.794	0.047053	0.695487	0.508347	0.000157	9	194.26621	-16.11
4	0.39648	0.105465	120.523	0.044073	0.009973	0.513039	0.002091	7	137.74431	-13.358
4	0.687515	0.050486	114.756	0.027625	0.020924	0.684261	1.2e-05	9	214.13288	-5.535
4	0.712983	0.216711	130.711	0.059534	0.274731	0.358835	0.088434	2	215.68	-12.281
4	0.952919	0.528697	130.441	0.076551	0.000184	0.473381	0.019299	4	237.35955	-8.776
4	0.914951	0.059746	204.03	0.041034	0.219558	0.462717	0.00485	0	227.97288	-7.323
4	0.947691	0.966222	149.399	0.059478	0.093275	0.555693	0.000595	2	200.89288	-6.082
4	0.607795	0.13541	119.971	0.049607	0.019261	0.809939	0.01133	5	225.97288	-7.895
4	0.622283	0.384318	88.968	0.137738	0.333334	0.459181	0.0	0	396.77288	-7.592
4	0.552718	0.111343	132.729	0.026284	0.129551	0.650735	0.024374	7	383.19955	-13.714
4	0.652178	0.308302	133.729	0.031248	0.000169	0.431959	0.008006	9	277.24757	-13.703
4	0.800371	0.238039	115.067	0.064021	0.00129	0.626684	0.422374	10	456.01624	-5.283
4	0.331789	0.052635	147.476	0.044046	0.455174	0.626427	0.305485	0	244.47955	-20.21
4	0.813445	0.462418	85.863	0.085682	0.451072	0.344577	0.906878	2	144.62757	-8.083
4	0.837625	0.022362	119.998	0.046339	0.000776	0.575578	1.2e-05	8	235.70621	-6.726
4	0.549634	0.078664	142.526	0.349626	0.059883	0.782066	0.000161	2	168.82621	-12.084
4	0.862631	0.518075	112.737	0.038016	0.053121	0.506582	0.23789	0	422.77986	-8.57
4	0.88515	0.538001	100.708	0.054285	0.020733	0.341852	0.037765	2	360.85506	-6.925
4	0.670548	0.338595	131.353	0.055217	0.006977	0.670044	0.009551	10	209.79955	-11.916
4	0.905248	0.933579	128.84	0.073332	0.155428	0.328373	3e-06	4	191.14621	-5.816
4	0.437876	0.045919	147.52	0.074594	0.041113	0.784691	0.017413	9	250.19955	-13.232
4	0.161843	0.491675	130.747	0.043558	0.867152	0.401217	0.684087	0	502.38649	-22.722
4	0.849299	0.084564	116.537	0.034048	0.319526	0.770226	0.000326	0	284.76036	-12.909
4	0.683002	0.333291	139.308	0.041519	0.000515	0.541	0.720677	9	162.06431	-10.139
4	0.630227	0.194675	151.805	0.047032	0.464665	0.609874	3e-06	0	249.13288	-10.394
4	0.188702	0.323002	117.923	0.043778	0.08319	0.736373	0.149461	9	446.74621	-19.616
4	0.816421	0.052345	176.628	0.180564	0.288712	0.442465	1e-06	11	132.70621	-4.669
4	0.737036	0.101394	114.692	0.047417	0.190503	0.589197	0.018154	7	225.31156	-13.332
4	0.88193	0.103594	138.851	0.041785	0.013936	0.504951	0.0	2	215.90621	-4.871
4	0.628143	0.072343	125.666	0.030987	0.121076	0.551122	4.1e-05	2	227.31955	-6.87
4	0.400839	0.9602	90.18	0.029459	0.341078	0.427605	0.181599	9	306.99955	-10.513
4	0.379888	0.041824	95.744	0.089771	0.352094	0.848314	0.057461	10	245.91628	-12.812
4	0.791544	0.572641	93.552	0.033506	0.085046	0.364069	0.000293	4	173.08757	-10.913
4	0.948065	0.195187	93.446	0.061632	0.574942	0.580368	0.0	4	265.69288	-3.891
4	0.187931	0.108239	105.328	0.062548	0.43089	0.696012	1.5e-05	2	211.90485	-15.418
4	0.570488	0.082322	131.715	0.057918	0.024099	0.356527	1e-06	9	259.11955	-15.442
4	0.465476	0.090945	75.804	0.028506	0.339995	0.59166	3.8e-05	7	272.15955	-11.203
3	0.870764	0.183717	108.711	0.051549	0.946983	0.048109	0.968028	8	394.00444	-14.184
4	0.843022	0.982282	120.98	0.052239	0.125358	0.538026	0.001616	9	367.25288	-12.045
4	0.17096	0.13169	132.1	0.043729	0.262976	0.533492	0.002139	4	253.50621	-21.139
4	0.879849	0.292511	123.867	0.030249	0.004148	0.573145	0.043393	9	156.13288	-8.52
1	0.862903	0.083591	90.177	0.041045	0.134233	0.622211	0.474539	4	179.93098	-7.792
4	0.471209	0.310581	101.467	0.027871	0.249122	0.622667	1e-06	4	135.36608	-15.014
4	0.888562	0.109362	129.771	0.053827	0.173223	0.474183	0.008791	2	236.98621	-6.337
1	0.882977	0.097741	139.952	0.040425	0.768368	0.655031	0.050818	9	369.47546	-9.896
4	0.920731	0.929934	132.811	0.081574	0.001927	0.404413	0.019471	0	350.39955	-5.731
4	0.855302	0.097056	121.056	0.032223	0.000911	0.502374	4e-06	5	194.89288	-5.541
4	0.398305	0.323722	101.548	0.029444	0.214918	0.603993	0.074184	7	306.38975	-18.439
4	0.54907	0.059526	126.85	0.096468	0.662445	0.722757	0.020255	0	335.33288	-13.709
4	0.685941	0.18971	108.7	0.058153	0.450271	0.3971	0.038467	2	355.99955	-12.813
4	0.66863	0.390548	120.144	0.027467	0.064224	0.603444	0.006427	9	181.05288	-8.169
4	0.925949	0.209214	154.745	0.039736	0.000271	0.359253	0.878076	9	219.06621	-6.453
4	0.947165	0.96297	124.985	0.049715	0.055193	0.391086	0.0	0	272.86621	-5.659
4	0.674704	0.126894	128.646	0.041884	0.267935	0.574137	0.103594	0	222.51057	-14.291
4	0.804161	0.246217	104.495	0.051873	0.000746	0.410226	0.889595	9	411.15955	-7.422
4	0.232092	0.124443	159.762	0.036403	0.817911	0.505972	0.021175	7	221.12608	-17.301
3	0.555658	0.112768	120.404	0.036721	0.784717	0.649563	0.0	9	125.06122	-9.533
4	0.413175	0.098739	96.917	0.04869	0.117103	0.711846	0.020886	10	253.98812	-20.22
4	0.748022	0.729403	124.609	0.035134	0.024241	0.439219	0.385756	9	330.02621	-11.175
4	0.548123	0.595835	149.528	0.040223	0.707178	0.366477	0.675314	7	254.30159	-12.133
4	0.880851	0.125788	110.478	0.03149	0.095406	0.742755	0.000497	1	460.69288	-6.17
4	0.900154	0.916949	137.525	0.138478	0.631899	0.296636	0.001078	7	225.97288	-9.456
4	0.59174	0.175937	115.839	0.037331	0.059003	0.497098	5e-06	11	190.55955	-9.832
4	0.616468	0.194342	112.603	0.030654	0.014695	0.411163	0.000121	7	317.31955	-9.031
4	0.808627	0.969394	108.52	0.03267	0.453031	0.534001	0.000443	4	151.69288	-11.039
4	0.45571	0.205505	87.958	0.025859	0.24819	0.419413	1e-05	11	174.69288	-10.568
4	0.93178	0.694389	89.453	0.04356	0.018108	0.309945	0.262486	9	414.38286	-3.957
3	0.405164	0.125859	117.468	0.044228	0.736896	0.762955	0.0	11	129.77696	-11.44
4	0.709746	0.074935	98.427	0.031714	0.109884	0.761145	0.001997	5	336.62621	-9.848
4	0.589301	0.114655	98.28	0.027377	0.110665	0.53501	3e-06	7	147.23955	-5.489
4	0.677926	0.668179	111.31	0.059489	0.33999	0.532659	6.1e-05	0	248.66621	-13.196
4	0.865337	0.046586	108.715	0.072291	0.00178	0.620741	0.000961	4	241.53351	-6.958
4	0.601937	0.053619	106.203	0.033842	0.177212	0.577861	0.0	9	169.19955	-14.413
4	0.563496	0.192516	133.941	0.035275	0.073619	0.480395	0.000906	9	281.40757	-14.694
4	0.759867	0.563845	116.343	0.028051	0.060263	0.564666	7.4e-05	5	248.13288	-9.976
4	0.88194	0.448459	124.867	0.048252	0.185279	0.329116	0.633113	6	561.61288	-10.354
4	0.88559	0.315057	176.741	0.06329	0.566836	0.421367	0.0	7	231.75791	-4.696
4	0.667665	0.969523	82.263	0.028497	0.042522	0.517967	0.187163	9	247.86621	-6.554
4	0.885882	0.370922	82.919	0.06235	0.381704	0.560941	0.234347	9	408.05288	-8.658
1	0.573344	0.316642	160.567	0.03275	0.952109	0.379148	0.841666	9	122.77506	-17.487