1	0.025147	0.11926	68.927	0.044506	0.993875	0.348924	0.958662	1	387.26195	-30.295
3	0.079598	0.081283	78.815	0.040701	0.925635	0.177705	0.044373	0	922.72358	-16.501
4	0.149396	0.247472	120.693	0.037981	0.995749	0.548121	0.927028	2	115.33569	-21.717
1	0.091262	0.091694	144.497	0.057252	0.992538	0.275062	0.913422	0	642.16771	-20.807
4	0.12747	0.057928	61.744	0.038241	0.983585	0.168339	0.903625	7	1016.67687	-19.226
4	0.028217	0.152898	90.658	0.052202	0.995725	0.410774	0.842454	10	573.85751	-22.317
4	0.124513	0.135658	97.716	0.044854	0.936445	0.612799	0.634322	5	209.35066	-19.801
4	0.157742	0.233367	61.817	0.039769	0.965713	0.139274	0.774536	4	427.32939	-18.286
3	0.027518	0.132237	150.787	0.056422	0.446407	0.352034	0.521774	3	223.89288	-25.453
4	0.04769	0.155656	111.271	0.040766	0.99393	0.464204	0.933357	7	130.55955	-26.949
4	0.265879	0.698662	125.171	0.055299	0.969458	0.402585	0.31364	5	372.35955	-13.793
4	0.029281	0.101516	126.156	0.039211	0.871203	0.289746	0.504529	5	648.68367	-25.689
4	0.018742	0.101186	87.825	0.04293	0.991848	0.368813	0.738648	7	87.69288	-23.751
4	0.070667	0.40283	85.754	0.0481	0.976451	0.244119	0.863715	7	607.11955	-24.035
4	0.201884	0.138104	75.581	0.046541	0.99022	0.514524	0.8249	8	111.66621	-19.177
4	0.065954	0.060085	113.2	0.040317	0.963547	0.430222	0.739827	1	398.89288	-22.305
1	0.080338	0.077258	87.526	0.059416	0.994354	0.208997	0.925022	7	399.82975	-22.499
1	0.174155	0.126673	77.893	0.060751	0.986708	0.469782	0.9187	5	27.03955	-21.009
3	0.281723	0.172904	169.626	0.045574	0.987718	0.128449	0.02682	2	291.47955	-16.068
4	0.256193	0.117025	106.825	0.035198	0.98953	0.322302	0.8981	3	342.07229	-19.696
4	0.259757	0.695006	128.475	0.040644	0.976417	0.195866	0.279605	11	994.11955	-15.846
4	0.050651	0.112407	102.755	0.090488	0.992772	0.499179	0.800782	5	144.47701	-17.673
4	0.122808	0.069514	76.677	0.050061	0.937405	0.335293	0.424963	5	398.69288	-16.958
4	0.223608	0.127119	97.768	0.040716	0.945058	0.278845	0.862051	8	453.03229	-18.757
4	0.116348	0.080108	85.178	0.030909	0.884755	0.268083	0.847261	0	538.43546	-20.98
4	0.130626	0.295894	135.354	0.053057	0.988864	0.524589	0.66767	2	127.37288	-19.125
4	0.071368	0.154824	63.631	0.053246	0.978325	0.342137	0.055466	2	206.42621	-22.34
4	0.125914	0.085484	118.173	0.06954	0.989011	0.54769	0.908892	2	207.35955	-21.271
4	0.109668	0.116415	129.311	0.068585	0.986611	0.398168	0.882526	6	296.30621	-17.838
4	0.146491	0.358377	82.467	0.04727	0.912399	0.489059	0.62269	0	325.99955	-19.797
4	0.377263	0.175132	131.892	0.035929	0.94389	0.429795	0.201891	0	401.49288	-13.704
4	0.176172	0.119611	84.322	0.044162	0.896668	0.373502	0.375428	4	367.86621	-21.797
4	0.070628	0.084345	133.182	0.038981	0.916321	0.317433	0.302061	5	703.31955	-21.099
4	0.095682	0.126592	127.95	0.038706	0.983193	0.393099	0.537419	3	473.57288	-21.524
4	0.036384	0.078838	77.439	0.049446	0.984508	0.241003	0.928747	3	1321.56036	-25.937
4	0.19325	0.069655	120.707	0.048348	0.977463	0.394855	0.928775	6	207.66621	-20.611
4	0.110676	0.280654	144.155	0.065576	0.970306	0.328342	0.413876	5	325.88902	-16.477
4	0.104923	0.079364	82.101	0.043748	0.849257	0.083565	0.353313	6	375.11955	-19.947
4	0.075174	0.089569	114.485	0.038865	0.956906	0.246738	0.757544	5	565.83955	-19.257
4	0.258462	0.133863	151.861	0.037453	0.730602	0.390444	0.198918	0	248.75955	-15.541
4	0.162524	0.108866	104.749	0.037226	0.993782	0.423816	0.885686	9	94.06621	-25.017
3	0.076687	0.201667	120.271	0.042689	0.935009	0.281017	0.054335	3	54.35955	-24.012
3	0.060145	0.110565	114.007	0.036061	0.965723	0.625046	0.891281	7	128.34621	-16.177
4	0.124651	0.100166	105.166	0.040484	0.979659	0.365269	0.902749	0	263.62621	-26.478
3	0.004049	0.05809	127.749	0.040651	0.994627	0.307276	0.892112	10	81.46621	-34.911
4	0.264781	0.201943	89.439	0.046451	0.981726	0.368042	0.063179	9	561.3566	-15.845
4	0.139993	0.166724	91.224	0.046451	0.988882	0.309021	0.300659	8	225.96222	-13.029
4	0.112426	0.090946	116.252	0.037046	0.991078	0.442675	0.874404	2	169.63955	-24.711
4	0.1997	0.635166	104.973	0.042036	0.98524	0.323643	0.599293	7	320.44009	-16.881
4	0.122551	0.095001	110.197	0.038236	0.953961	0.221638	0.305735	10	1125.83955	-21.187
4	0.058993	0.089153	99.402	0.044296	0.976913	0.314409	0.054771	0	369.28127	-23.703
4	0.158938	0.046593	137.059	0.04587	0.956683	0.381168	0.039534	9	853.15955	-18.034
4	0.30844	0.340227	101.734	0.056898	0.961684	0.37762	0.390438	10	248.59955	-20.63
4	0.462967	0.823648	121.52	0.057341	0.895404	0.326465	0.765768	4	416.82621	-8.483
4	0.403318	0.425889	125.61	0.066888	0.985303	0.314263	0.914519	2	665.25506	-16.735
4	0.13959	0.10833	165.041	0.055108	0.951692	0.270024	0.754622	1	271.27057	-16.663
3	0.084621	0.133412	76.388	0.037365	0.971292	0.108076	0.81521	5	623.81288	-18.691
4	0.296177	0.107678	89.122	0.046697	0.985877	0.54402	0.908191	2	262.78621	-16.296
4	0.105067	0.118625	112.194	0.036689	0.936788	0.245052	0.815526	5	560.98621	-16.206
4	0.029776	0.097031	76.435	0.046588	0.788805	0.259041	0.256663	2	796.13288	-24.604
1	0.415916	0.29017	76.971	0.038146	0.990744	0.158874	0.967508	9	406.9873	-12.115
4	0.155658	0.41039	73.646	0.033487	0.988931	0.36309	0.889414	0	860.37098	-17.29
3	0.231576	0.647367	94.41	0.03233	0.949873	0.185817	0.908392	5	541.97288	-13.464
4	0.117272	0.098596	124.019	0.047598	0.993836	0.449909	0.890518	3	361.50621	-24.719
3	0.144211	0.427055	118.339	0.037521	0.991387	0.277564	0.926885	0	237.67955	-18.833
4	0.290382	0.102576	86.825	0.048862	0.990316	0.528663	0.859544	2	277.36798	-19.967
4	0.152434	0.341305	117.308	0.039988	0.921577	0.387503	0.004856	3	381.23955	-15.871
3	0.12453	0.170513	98.8	0.040783	0.986734	0.384641	0.871938	7	225.33288	-24.555
4	0.013498	0.231739	100.314	0.039777	0.990266	0.4277	0.873552	9	155.17288	-30.906
3	0.250274	0.21705	144.196	0.062953	0.983681	0.542714	0.915409	2	222.98621	-15.515
4	0.072474	0.096908	93.322	0.04389	0.931644	0.140198	0.278887	7	653.97506	-25.613
3	0.17193	0.278631	82.07	0.040956	0.991635	0.217275	0.686399	3	480.77406	-18.573
4	0.132584	0.115992	108.084	0.051496	0.911009	0.496791	0.046283	5	192.81288	-16.24
4	0.259411	0.091773	107.913	0.034263	0.976228	0.235858	0.886338	0	407.26014	-15.666
4	0.110734	0.059695	100.745	0.041438	0.991782	0.313618	0.301407	8	558.94118	-18.781
3	0.137584	0.736635	134.091	0.039224	0.921109	0.34511	0.660945	0	278.27955	-16.963
4	0.236937	0.198402	127.729	0.040607	0.988772	0.292711	0.889547	2	1093.79955	-14.656
4	0.283339	0.629731	74.044	0.035894	0.909397	0.168929	0.863993	7	937.19955	-11.401
3	0.033586	0.118545	115.483	0.043688	0.983787	0.377641	0.246543	9	127.24939	-18.568
4	0.077151	0.048633	133.632	0.037984	0.990399	0.411554	0.911786	2	664.91955	-24.035
4	0.022632	0.091949	94.865	0.038715	0.988847	0.255334	0.901017	11	437.39955	-29.482
1	0.264991	0.175274	120.032	0.030878	0.995796	0.456789	0.810832	0	32.02567	-21.765
4	0.097276	0.097496	74.381	0.048792	0.989762	0.280161	0.91207	10	1603.44771	-22.789
4	0.089468	0.133225	172.402	0.05154	0.991865	0.198411	0.847425	9	393.01179	-23.253
4	0.12119	0.753559	100.7	0.038118	0.992196	0.290937	0.958483	3	254.57288	-19.069
4	0.023334	0.10864	62.442	0.044417	0.995069	0.228026	0.916906	1	274.31986	-26.114
4	0.027976	0.072329	84.308	0.04073	0.944415	0.177518	0.278444	0	626.66621	-25.176
4	0.009726	0.129132	109.974	0.052253	0.993376	0.393183	0.903056	1	398.67955	-29.734
3	0.099753	0.143233	111.496	0.032524	0.948773	0.304187	0.768359	5	302.98517	-16.216
4	0.183074	0.103386	169.901	0.054495	0.993229	0.336904	0.267539	5	352.34621	-17.679
4	0.051963	0.089301	114.051	0.052248	0.994	0.460654	0.906866	8	259.93288	-26.803
4	0.255867	0.170303	104.975	0.038956	0.995616	0.623107	0.915251	0	40.06621	-19.005
4	0.06863	0.099555	71.985	0.052988	0.994612	0.614974	0.951057	5	250.04363	-32.371
4	0.269907	0.066776	143.991	0.146193	0.902879	0.728535	0.852501	5	246.66621	-17.486
3	0.038744	0.099568	110.93	0.050785	0.987134	0.358927	0.924939	1	576.15628	-21.492
3	0.064811	0.223677	79.994	0.057714	0.994616	0.63306	0.963593	2	290.29832	-31.677
4	0.029616	0.134474	160.073	0.045168	0.99332	0.543895	0.93232	0	161.99955	-28.183
4	0.054303	0.11418	69.991	0.069899	0.995632	0.61611	0.954798	5	284.61823	-34.355
4	0.031483	0.091342	72.003	0.053825	0.995448	0.485978	0.961281	5	226.71628	-37.103
4	0.025969	0.112463	72.504	0.053441	0.992935	0.387165	0.855004	2	268.79955	-31.114
4	0.264079	0.091969	144.029	0.106151	0.981868	0.683495	0.9495	11	201.18313	-17.517
3	0.064475	0.110974	64.702	0.042612	0.99558	0.322631	0.901958	7	235.30621	-18.468
4	0.010608	0.072857	72.429	0.05168	0.994268	0.221714	0.913491	11	815.77751	-31.22
4	0.039319	0.121102	81.95	0.045118	0.995106	0.311859	0.901146	1	540.47302	-29.936
3	0.054826	0.31484	75.33	0.044521	0.991447	0.169272	0.894765	8	758.46485	-28.814
4	0.064321	0.10856	159.515	0.045835	0.995677	0.462875	0.9621	0	177.58658	-25.562
4	0.079258	0.16127	99.932	0.036658	0.97254	0.151899	0.921945	0	276.03546	-22.421
3	0.370134	0.107634	143.931	0.073639	0.99154	0.670284	0.941495	1	290.26621	-19.368
3	0.055582	0.156665	136.352	0.04455	0.993282	0.379093	0.925822	3	326.84363	-28.922
4	0.270691	0.185938	118.033	0.045985	0.969927	0.702833	0.899379	3	205.3366	-18.875
4	0.071603	0.096805	91.775	0.043543	0.989507	0.207601	0.891179	8	449.51465	-30.312
4	0.148394	0.159118	137.988	0.065532	0.965159	0.743618	0.873287	7	271.76599	-21.739
4	0.046934	0.131898	120.038	0.045411	0.994067	0.618813	0.836763	10	238.0419	-31.037
4	0.02006	0.096861	67.314	0.045177	0.991186	0.249662	0.914519	1	1422.44526	-25.404
4	0.150954	0.105658	94.751	0.04097	0.995398	0.562235	0.927842	7	215.99955	-20.368
4	0.170171	0.113923	140.166	0.066767	0.995796	0.60442	0.970789	0	175.09855	-24.245
3	0.17958	0.095043	80.003	0.049058	0.992672	0.430877	0.954211	0	167.99955	-26.144
3	0.27147	0.097136	175.163	0.037698	0.971801	0.127689	0.830845	2	270.22476	-13.639
3	0.056045	0.260289	88.688	0.038022	0.989364	0.249619	0.899163	11	1646.2624	-25.009
3	0.059598	0.121931	79.998	0.040328	0.99395	0.545658	0.913717	9	200.99955	-25.58
3	0.067669	0.069062	69.582	0.038376	0.995545	0.444781	0.910758	0	230.66621	-18.066
3	0.051691	0.110155	184.002	0.055413	0.995168	0.508268	0.917172	5	277.87864	-31.812
5	0.174922	0.112249	66.471	0.052923	0.995678	0.431951	0.904125	3	298.93288	-15.646
4	0.043299	0.093974	67.364	0.042305	0.993744	0.241962	0.894523	9	262.04844	-29.221
3	0.332039	0.224958	143.996	0.091898	0.987295	0.676141	0.000402	0	289.89497	-16.389
5	0.005773	0.132317	68.425	0.045609	0.98629	0.136777	0.907036	1	642.14159	-28.634
3	0.069319	0.145461	160.007	0.045885	0.995069	0.460294	0.923295	0	146.99955	-26.496
4	0.186207	0.090314	112.057	0.043038	0.991593	0.288949	0.894315	11	1088.57424	-20.668
5	0.072808	0.10877	164.68	0.03378	0.994978	0.319858	0.917477	0	113.91955	-23.974
4	0.085838	0.086604	79.992	0.051567	0.995025	0.667712	0.948314	5	186.04363	-32.086
3	0.029807	0.661588	103.755	0.03895	0.980272	0.278815	0.914457	1	2222.49751	-27.441
4	0.041038	0.114907	140.082	0.051932	0.995523	0.597722	0.956468	7	283.27601	-29.711
4	0.203971	0.103843	124.703	0.033955	0.993457	0.360826	0.878036	11	286.82621	-18.637
4	0.021918	0.078934	70.001	0.049082	0.995143	0.615647	0.956272	9	291.46231	-33.19
4	0.021699	0.085562	71.678	0.048419	0.994702	0.399242	0.925035	0	288.04027	-29.173
3	0.102593	0.13334	67.134	0.039256	0.995472	0.467442	0.899693	3	235.67955	-18.561
4	0.117043	0.086992	140.0	0.050288	0.994989	0.734847	0.963311	2	229.95959	-24.362
3	0.061843	0.08278	101.094	0.037331	0.986981	0.263543	0.917636	0	467.01669	-21.747
4	0.094912	0.099831	160.004	0.044628	0.995581	0.528603	0.935265	10	209.99955	-26.951
4	0.044312	0.691859	69.97	0.045162	0.989557	0.204031	0.907629	11	1630.51057	-25.635
3	0.029156	0.110126	75.344	0.045592	0.99527	0.477655	0.934994	0	185.85288	-23.555
4	0.224253	0.140217	109.674	0.033518	0.978918	0.335467	0.901803	5	1918.22322	-19.079
4	0.462622	0.081005	124.986	0.105251	0.02357	0.805798	0.946699	2	360.95279	-12.202
3	0.119291	0.182241	135.934	0.04055	0.977583	0.67622	0.802148	3	265.2615	-19.734
4	0.028614	0.079238	109.404	0.045792	0.994127	0.284166	0.867055	10	312.0468	-31.031
4	0.110124	0.147988	178.919	0.049663	0.990657	0.385876	0.91644	3	209.78621	-19.653
3	0.091402	0.103082	79.994	0.052787	0.995129	0.476749	0.9074	10	176.99955	-27.352
4	0.30664	0.149712	143.924	0.091152	0.953567	0.673562	0.870624	0	235.27293	-20.001
4	0.00894	0.075848	99.659	0.050113	0.993006	0.263067	0.939594	1	692.40118	-27.827
4	0.036323	0.087052	80.003	0.049819	0.995408	0.615496	0.953486	2	268.50068	-34.427
4	0.069959	0.086053	159.907	0.054949	0.995593	0.625582	0.950874	0	306.03864	-32.932
5	0.029313	0.133182	184.081	0.054759	0.995656	0.514445	0.91128	2	318.94313	-32.883
4	0.038818	0.079566	70.001	0.050814	0.995763	0.602283	0.925986	4	246.89741	-33.233
4	0.261067	0.104202	136.707	0.050958	0.993718	0.514311	0.855011	6	220.40925	-16.651
4	0.077362	0.128273	160.117	0.039546	0.992562	0.555233	0.93218	0	137.99955	-27.361
3	0.043545	0.10079	76.765	0.055561	0.995088	0.205939	0.925192	4	581.95546	-25.788
1	0.199695	0.0798	93.026	0.051619	0.928339	0.365987	0.925865	3	220.04354	-19.454
4	0.403542	0.055874	144.06	0.152064	0.647576	0.753653	0.926951	7	248.69986	-15.19
4	0.463645	0.099344	119.999	0.070514	0.957627	0.711833	0.852072	5	240.03873	-13.075
4	0.067378	0.091698	80.02	0.10522	0.995573	0.719447	0.963429	0	272.99955	-28.524
4	0.063608	0.080037	159.978	0.062992	0.995659	0.581604	0.918554	9	285.03619	-32.746
4	0.299727	0.091712	144.021	0.124354	0.779138	0.735382	0.886395	2	198.7015	-16.129
4	0.063065	0.07235	132.055	0.041478	0.988384	0.305151	0.924259	9	222.89088	-27.872
4	0.141776	0.095991	69.396	0.065756	0.994557	0.608106	0.842374	3	149.93288	-17.528
3	0.147792	0.113807	160.032	0.055387	0.995014	0.430903	0.90895	9	167.99955	-29.698
3	0.202988	0.088276	137.692	0.06571	0.993203	0.675451	0.903288	7	175.26621	-19.972
3	0.044312	0.117001	79.986	0.039613	0.994723	0.546198	0.884715	9	169.49955	-27.554
3	0.412462	0.09426	143.957	0.079414	0.853313	0.728927	0.701519	0	299.42966	-16.579
4	0.255689	0.108339	113.971	0.067209	0.976899	0.658437	0.966565	0	244.76689	-27.493
4	0.184462	0.164908	119.976	0.032509	0.911686	0.615988	0.869386	2	200.71293	-17.505
4	0.090455	0.078203	108.654	0.039296	0.98971	0.286611	0.905402	8	1991.28771	-21.571
4	0.197367	0.220345	130.09	0.038434	0.949675	0.361692	0.918913	9	210.16925	-19.849
4	0.049337	0.09301	127.478	0.039524	0.989871	0.32499	0.90777	5	229.36925	-27.911
4	0.046436	0.097528	159.968	0.05746	0.995742	0.570942	0.933095	0	294.04844	-33.098
4	0.127709	0.110478	75.134	0.04119	0.988024	0.20372	0.866655	3	466.85995	-23.125
4	0.296601	0.09522	119.993	0.047292	0.995585	0.695021	0.966032	0	280.07465	-22.158
4	0.077864	0.093218	149.967	0.062954	0.994135	0.47848	0.908886	9	234.97288	-19.034
4	0.546151	0.174139	143.979	0.095564	0.797062	0.722411	0.951833	0	282.03211	-16.449
4	0.134444	0.199631	143.99	0.222049	0.987933	0.737837	0.863358	0	221.31955	-18.133
4	0.109192	0.120903	95.947	0.037511	0.989046	0.290441	0.876297	8	2047.32036	-22.37
4	0.062116	0.109088	80.008	0.053896	0.995621	0.602702	0.914258	2	284.1219	-32.816
4	0.047826	0.093225	79.974	0.04497	0.995575	0.536971	0.84515	5	257.32027	-33.224
4	0.087764	0.134081	77.489	0.044073	0.991315	0.241041	0.919758	3	1709.68771	-23.444
4	0.073145	0.676997	97.797	0.033065	0.992473	0.359476	0.887243	8	326.16444	-25.09
4	0.14075	0.136869	81.246	0.039863	0.992545	0.3307	0.89313	1	195.57288	-19.676
4	0.091815	0.090496	71.491	0.049723	0.991316	0.218403	0.907489	11	1892.46649	-22.846
4	0.452669	0.07399	150.059	0.047051	0.152339	0.774025	0.530417	1	229.23864	-16.731
4	0.115469	0.095582	139.993	0.042336	0.995075	0.727078	0.965321	1	228.89601	-27.378
4	0.033836	0.102817	140.043	0.048314	0.995796	0.635818	0.951984	0	308.62476	-34.887
4	0.03615	0.132073	160.071	0.045742	0.994723	0.29815	0.89376	0	173.99955	-29.057
4	0.014114	0.096406	72.032	0.077332	0.995796	0.635364	0.968253	0	168.81741	-28.405
4	0.028386	0.116706	70.002	0.058138	0.995724	0.604876	0.939655	0	264.04526	-33.54
4	0.047213	0.137967	85.857	0.04258	0.986751	0.16208	0.887348	9	587.59791	-22.485
4	0.046617	0.096303	71.945	0.037552	0.982888	0.23929	0.088019	2	405.002	-25.091
4	0.28086	0.058823	147.533	0.033478	0.986922	0.344032	0.927197	2	347.73288	-17.639
3	0.732058	0.112596	147.838	0.181415	0.756251	0.667205	0.019312	7	67.99955	-19.671
4	0.072506	0.048543	80.635	0.049813	0.956378	0.522716	0.721074	9	328.29288	-20.912
4	0.139148	0.105979	83.841	0.038877	0.959281	0.376058	0.862917	0	633.14621	-16.407
1	0.099822	0.094101	136.426	0.0376	0.987308	0.154321	0.106646	5	170.31955	-18.616
3	0.191028	0.104997	129.452	0.059694	0.989979	0.36757	0.007981	5	429.21288	-17.72
4	0.3302	0.123317	163.961	0.100242	0.456188	0.66212	0.000556	7	218.04363	-18.838
4	0.68697	0.061824	71.5	0.068967	0.788894	0.528675	7e-06	7	272.07946	-7.487
4	0.542016	0.11493	184.117	0.578811	0.748202	0.397392	0.019771	5	300.64281	-8.56
4	0.806334	0.159339	140.046	0.100876	0.137593	0.655102	0.0	11	243.99955	-6.286
4	0.720127	0.376883	86.498	0.257445	0.100215	0.741472	3e-06	7	227.35955	-5.449
5	0.699659	0.334554	107.788	0.287087	0.014349	0.488823	0.0	1	269.60934	-6.55
4	0.579949	0.482943	191.239	0.219669	0.582204	0.525583	0.0	0	194.01098	-19.023
4	0.587962	0.112436	104.991	0.201319	0.015025	0.821183	1e-06	4	82.49469	-11.013
4	0.880963	0.525846	85.869	0.299122	0.003217	0.530444	0.0	11	165.18449	-3.623
4	0.512841	0.321077	132.108	0.383645	0.053063	0.557758	0.0	8	350.61506	-15.379
4	0.804961	0.146018	84.958	0.226854	0.004622	0.69393	0.0	4	113.37098	-6.429
5	0.882245	0.235707	138.698	0.341872	0.036135	0.60467	0.0	9	276.89751	-6.146
4	0.89795	0.547205	159.495	0.488788	0.012238	0.355803	0.0	0	265.58961	-4.767
3	0.754703	0.226156	84.788	0.127036	0.015133	0.53905	0.020068	1	82.46857	-10.015
4	0.547147	0.208395	148.075	0.135074	0.279725	0.68889	0.0	0	217.05229	-5.013
5	0.780088	0.225301	100.181	0.291808	0.018562	0.383865	0.0	1	238.0029	-5.098
3	0.955656	0.379405	143.97	0.196699	0.065211	0.790323	0.0	7	180.80435	-5.104
4	0.865386	0.463567	137.995	0.236308	0.000539	0.776941	0.0	4	203.50621	-7.576
4	0.837411	0.122891	160.239	0.355701	0.040621	0.432585	0.0	6	264.24272	-6.864
4	0.816182	0.139006	81.791	0.336849	0.001052	0.58505	0.0	7	144.25406	-5.885
4	0.801406	0.104507	140.056	0.139769	0.003676	0.487755	0.0	7	255.54395	-8.122
4	0.648736	0.104969	138.053	0.037926	0.051536	0.606447	0.0	5	296.3337	-7.179
4	0.846898	0.113489	148.532	0.364049	0.099653	0.592986	0.0	1	289.94621	-5.894
4	0.779085	0.29494	86.452	0.280023	0.101897	0.740238	0.0	2	212.38621	-5.201
4	0.911617	0.261864	125.984	0.141318	0.030239	0.424679	0.0	8	249.28717	-3.542
4	0.960345	0.33612	160.559	0.347364	0.034211	0.4234	0.0	1	175.39741	-4.095
1	0.870763	0.302179	87.015	0.27777	0.004102	0.622432	0.0	10	156.21288	-5.422
4	0.801218	0.248941	160.022	0.275052	0.040988	0.608681	0.0	6	253.04766	-4.406
4	0.647553	0.193458	89.27	0.078667	0.185046	0.54206	0.0	10	214.51782	-5.011
4	0.774538	0.379288	149.802	0.035024	0.000563	0.370014	0.0	10	224.43211	-6.78
4	0.750779	0.062675	123.015	0.039152	0.071693	0.741504	0.0	11	226.92277	-6.021
4	0.82794	0.376797	94.588	0.24312	0.007403	0.608295	1.9e-05	8	222.39955	-5.493
4	0.872454	0.133163	89.65	0.261478	0.404473	0.593667	0.0	7	239.55701	-4.872
4	0.838103	0.111034	81.01	0.370595	0.066687	0.37469	0.023724	1	267.0341	-7.74
4	0.576792	0.812703	144.41	0.188691	0.057542	0.63963	0.0	11	132.98621	-6.214
4	0.851812	0.150377	166.013	0.056469	0.257741	0.579027	0.0	0	206.08961	-5.313
4	0.753118	0.114372	79.975	0.092979	0.026369	0.60492	0.0	1	265.9668	-7.113
4	0.771131	0.81149	90.049	0.069923	0.132333	0.643823	0.0	9	239.23955	-5.973
4	0.490716	0.092194	185.652	0.24984	0.471305	0.631608	0.0	1	165.77261	-10.893
4	0.943939	0.262853	92.709	0.084591	0.100066	0.62034	0.0	9	157.6342	-3.587
4	0.678903	0.07502	129.767	0.306234	0.099767	0.503634	0.0	10	263.20181	-8.734
4	0.259677	0.105912	95.043	0.137502	0.155448	0.765378	0.0	7	181.83791	-18.605
4	0.820108	0.094666	106.017	0.100167	0.156535	0.775749	0.004459	10	274.39955	-7.311
4	0.631097	0.141432	157.457	0.464597	0.541129	0.501554	0.0	11	163.25333	-8.61
4	0.417065	0.189232	168.027	0.907036	0.180564	0.814153	0.0	7	101.71955	-13.733
4	0.906508	0.032433	150.021	0.142901	0.025031	0.582033	0.0	8	224.48571	-4.131
4	0.638519	0.113581	175.226	0.362769	0.224557	0.45801	0.0	9	260.11537	-8.006
5	0.925562	0.500766	100.78	0.390065	0.047586	0.512475	0.0	8	182.95955	-1.706
4	0.820227	0.084686	140.187	0.074741	0.012606	0.390244	0.0	0	259.23955	-5.76
4	0.642459	0.254588	120.047	0.058213	0.062867	0.746262	0.0	4	268.82567	-6.046
4	0.842951	0.052792	83.623	0.246986	0.004262	0.588093	0.0	5	224.17288	-6.823
4	0.869776	0.734016	75.157	0.273109	0.21452	0.621208	0.0	1	270.65274	-3.329
4	0.744115	0.138793	130.04	0.0644	0.090553	0.736312	0.0	1	325.03955	-7.435
4	0.821915	0.29753	164.105	0.066877	0.033165	0.703601	0.0	7	275.92113	-4.658
4	0.592043	0.162464	86.001	0.114087	0.333351	0.792355	0.0	0	226.8615	-7.243
4	0.795401	0.227373	141.972	0.128451	0.026072	0.732948	0.0	11	223.18621	-6.43
4	0.802481	0.136893	142.017	0.058152	0.028206	0.751296	0.0	0	241.61288	-6.159
4	0.792961	0.125178	78.059	0.075318	0.841966	0.584455	0.001463	1	228.23955	-5.462
4	0.894436	0.324801	75.814	0.159041	0.013519	0.252542	0.0	0	237.25814	-4.132
4	0.601298	0.101198	140.983	0.199477	0.000896	0.88248	0.0	9	231.54893	-8.181
4	0.367573	0.113649	127.974	0.195893	0.083285	0.789528	6.3e-05	1	268.042	-15.972
4	0.669237	0.373013	168.548	0.379367	0.115689	0.369127	0.0	0	190.0781	-6.963
4	0.667022	0.035805	139.936	0.443618	0.07003	0.721954	0.0	11	315.61098	-5.878
4	0.847666	0.14377	84.555	0.324556	0.701962	0.520519	0.0	11	271.78621	-4.91
5	0.577775	0.38939	140.651	0.05207	0.030485	0.600677	0.0	1	210.69288	-5.732
4	0.68471	0.4257	149.998	0.0954	0.184556	0.64865	0.0	7	208.50621	-5.191
4	0.873933	0.403206	135.984	0.037052	0.010023	0.754283	0.0	8	331.02621	-3.915
4	0.736294	0.350889	125.001	0.059426	0.004591	0.807445	0.0	0	255.14621	-6.063
4	0.605989	0.256989	135.923	0.03286	0.002188	0.725144	0.0	7	217.87955	-6.394
4	0.503916	0.103673	142.969	0.092722	0.103893	0.720968	0.003117	1	272.18395	-7.346
4	0.637456	0.298362	127.893	0.240682	0.267899	0.757929	4e-06	9	320.85333	-8.64
4	0.793125	0.380177	127.946	0.210903	0.33996	0.757773	0.0	2	244.55075	-4.805
3	0.588634	0.1005	168.259	0.239394	0.226237	0.622971	0.0	5	292.06621	-6.555
4	0.765096	0.336235	127.941	0.26308	0.206099	0.744256	1e-06	2	289.59955	-4.477
4	0.624415	0.234211	79.021	0.257769	0.05916	0.618106	0.0	8	256.70621	-6.361
4	0.673532	0.267764	149.99	0.324967	0.005019	0.81381	0.0	0	262.42621	-6.956
4	0.685637	0.301186	81.936	0.241017	0.089384	0.638713	0.0	0	189.88685	-6.016
4	0.922274	0.530749	95.045	0.285562	0.038364	0.450741	0.0	10	131.21288	-6.168
4	0.943852	0.664244	142.014	0.051557	0.027416	0.66038	0.000351	10	224.16023	-4.196
4	0.881038	0.543434	93.964	0.084201	0.226651	0.573775	0.0	11	194.27955	-3.641
4	0.494468	0.131329	114.957	0.065517	0.32887	0.725731	0.836685	1	40.03955	-10.49
4	0.681229	0.482747	82.013	0.050202	0.004225	0.480865	0.000188	10	102.10621	-6.649
5	0.765006	0.26418	103.912	0.187554	0.049759	0.623611	7e-06	4	235.49342	-5.759
4	0.706124	0.272766	180.61	0.35731	0.117095	0.598463	0.0	11	151.27465	-6.585
4	0.7358	0.714689	74.992	0.160342	0.016457	0.681335	0.0	1	179.23955	-5.888
4	0.541276	0.294582	139.987	0.043877	0.000406	0.688189	0.0	3	207.09832	-10.147
4	0.728005	0.080598	139.988	0.03684	0.147326	0.555772	0.0	1	210.99057	-5.484
4	0.621748	0.487725	134.885	0.143204	0.018911	0.530436	0.003322	11	259.49955	-10.81
4	0.925677	0.347804	75.347	0.372263	0.008665	0.468942	1.1e-05	11	119.99955	-4.076
4	0.908018	0.295223	145.727	0.17183	0.018719	0.433979	3.6e-05	5	203.33683	-4.835
4	0.72405	0.151457	94.492	0.122841	0.045539	0.717548	0.0	0	152.59955	-7.865
4	0.855849	0.176473	145.999	0.09398	0.023629	0.771326	1e-06	1	149.55057	-5.852
4	0.821668	0.282921	94.421	0.17672	0.044336	0.629405	0.0	0	152.59537	-7.171
4	0.751515	0.052232	125.03	0.051914	0.030396	0.759969	0.0	9	215.25855	-4.489
4	0.762628	0.073476	139.979	0.031565	0.201321	0.702385	0.0	11	276.65088	-5.928
4	0.864462	0.238684	159.785	0.301657	0.036217	0.406662	0.0	6	196.40272	-6.724
4	0.808711	0.171717	159.838	0.290271	0.018981	0.498806	0.0	6	196.30621	-7.728
4	0.496859	0.306546	129.984	0.148671	0.010883	0.7256	0.0	10	212.68853	-17.258
4	0.738785	0.319759	139.957	0.045686	0.008268	0.850312	0.0	4	165.99955	-6.553
4	0.934019	0.096412	102.972	0.041919	0.004439	0.588857	0.0	10	202.88685	-5.606
4	0.595917	0.118495	142.136	0.140966	0.237712	0.852573	1e-06	9	250.29333	-9.447
4	0.458535	0.735835	99.759	0.6454	0.144891	0.687837	0.0	11	47.69333	-8.423
5	0.450112	0.13149	111.025	0.391995	0.000726	0.456264	0.0	6	256.15955	-15.044
4	0.406664	0.332586	122.993	0.2947	0.222238	0.745692	0.0	1	211.35918	-11.377
4	0.422721	0.110772	104.893	0.044356	0.000197	0.622324	0.260538	9	261.98621	-15.914
4	0.748257	0.021686	85.025	0.102384	0.035867	0.746345	0.0	11	192.93995	-7.425
4	0.461238	0.341305	94.98	0.344008	0.029364	0.818111	0.0	1	240.38626	-8.904
4	0.939188	0.228436	89.843	0.476613	0.415134	0.547139	0.0	7	172.34585	-3.78
4	0.917413	0.190749	80.152	0.431544	0.028736	0.385753	0.0	1	245.68118	-4.955
5	0.692785	0.351042	100.197	0.127073	0.497953	0.44712	0.019302	11	176.39959	-10.504
5	0.218367	0.24578	101.268	0.676433	0.238738	0.747678	0.083101	6	222.4322	-22.342
4	0.171967	0.378747	135.818	0.875994	0.700735	0.700246	0.0	10	78.41252	-17.492
4	0.747307	0.115043	128.012	0.042493	0.042202	0.668094	0.0	1	377.02485	-4.824
4	0.592102	0.40943	155.159	0.241872	0.005072	0.585169	0.0	11	173.63955	-10.521
4	0.707821	0.138501	75.954	0.07598	0.286571	0.687531	0.000522	0	246.32272	-13.063
5	0.675982	0.193071	102.388	0.352278	0.001675	0.544395	0.0	2	64.93293	-9.341
4	0.685552	0.111481	85.997	0.273578	0.025545	0.803903	0.0	7	261.49288	-4.782
4	0.538294	0.322702	85.354	0.409144	0.263435	0.695562	0.0	2	212.66585	-9.92
4	0.751293	0.11876	139.311	0.157233	0.095636	0.813685	4.3e-05	7	83.34322	-5.886
4	0.687951	0.145459	75.52	0.060181	0.002889	0.531279	0.0	2	195.36934	-7.18
4	0.606647	0.664545	139.807	0.454609	0.088783	0.73005	0.0	2	149.05424	-6.704
5	0.57492	0.28962	117.166	0.274162	0.321708	0.582905	0.0	10	49.30621	-8.592
4	0.897971	0.064641	91.195	0.240688	0.073197	0.546644	0.0	5	214.88281	-3.781
4	0.613394	0.100387	140.023	0.231078	0.010456	0.706377	0.0	1	143.06621	-4.968
4	0.064419	0.484028	108.227	0.881263	0.863841	0.709581	0.0	9	152.13252	-20.101
4	0.64905	0.363655	134.998	0.519138	0.217487	0.691835	0.0	1	298.90585	-9.66
3	0.363681	0.49517	108.641	0.459192	0.936995	0.503179	0.0	11	13.73995	-14.926
4	0.067322	0.123836	102.954	0.679716	0.873078	0.689627	1e-06	5	78.46585	-20.996
4	0.530518	0.058169	128.011	0.211383	0.01468	0.84852	0.0	7	210.50399	-6.91
4	0.589762	0.349292	82.514	0.117089	0.001915	0.689791	0.0	4	158.27546	-5.73
4	0.312945	0.191768	119.125	0.42619	0.581633	0.860677	0.0	1	242.13252	-10.554
7	0.889807	0.16026	212.686	0.404958	0.011937	0.331836	1e-06	7	30.74277	-2.893
5	0.191147	0.117918	98.617	0.390755	0.161993	0.785828	0.0	0	262.16444	-20.927
4	0.465875	0.15712	74.522	0.387985	0.256756	0.648607	0.0	2	125.37252	-13.178
4	0.653777	0.394332	164.868	0.060914	0.014658	0.706479	0.0	1	255.14621	-13.431
4	0.733955	0.057462	88.905	0.175641	0.052086	0.878323	0.00012	11	359.65288	-7.097
5	0.616855	0.066723	93.353	0.288041	0.048839	0.504168	0.0	2	147.48735	-8.28
4	0.811565	0.433389	83.138	0.202186	0.220617	0.361763	0.0	1	146.19955	-3.527
4	0.742905	0.311024	69.178	0.317741	0.304804	0.603578	0.0	6	210.1024	-7.303
4	0.77291	0.365857	176.206	0.38392	0.066532	0.481677	0.0	1	30.19955	-5.352
4	0.487342	0.108396	85.996	0.398876	0.000111	0.785931	0.912223	2	262.80599	-8.987
4	0.637316	0.038264	90.003	0.043805	4.2e-05	0.468024	0.000498	4	171.99955	-14.155
4	0.42073	0.316791	137.755	0.387555	0.189533	0.794165	0.0	11	279.73288	-12.54
4	0.431182	0.19774	133.786	0.235043	0.350368	0.667287	0.000301	6	302.27692	-14.715
4	0.66382	0.652719	147.353	0.32415	0.056907	0.475134	0.0	1	78.07955	-6.829
4	0.881661	0.227024	166.958	0.370287	0.035421	0.406971	0.0	1	181.81288	-4.749
4	0.415753	0.08908	148.034	0.07997	0.018404	0.822225	0.001459	0	164.43955	-9.461
3	0.479045	0.120901	125.693	0.439949	0.099626	0.683746	0.0	5	202.73252	-10.576
4	0.585984	0.338025	157.151	0.098735	0.012227	0.475032	0.0	1	124.39465	-7.147
4	0.779872	0.308333	46.836	0.421942	0.164533	0.601289	0.0	9	72.11918	-6.517
4	0.313835	0.186223	95.997	0.262743	0.038363	0.729761	1e-06	1	232.69832	-19.206
4	0.319202	0.224811	76.854	0.255254	0.288299	0.393788	0.000329	7	308.00934	-18.392
4	0.802431	0.234364	144.015	0.106274	0.29152	0.752262	0.0	4	345.93288	-4.539
4	0.601526	0.320012	142.924	0.430653	0.065079	0.432706	0.0	10	181.43955	-14.042
4	0.397505	0.064544	145.085	0.461272	0.265563	0.615596	0.006333	8	230.03383	-16.944
4	0.513183	0.119082	151.105	0.323418	0.074596	0.761123	0.0	7	229.22694	-15.696
5	0.764057	0.581674	93.415	0.201471	0.067056	0.558208	0.0	6	234.89261	-9.112
4	0.381473	0.571072	176.001	0.34946	0.263579	0.802265	0.0	1	43.6995	-13.469
4	0.300157	0.096059	81.005	0.215852	0.05802	0.860736	3.7e-05	10	288.80934	-19.002
4	0.488136	0.365058	134.707	0.071788	0.004577	0.675403	0.000109	1	255.62621	-10.362
4	0.654794	0.492489	137.564	0.319509	0.056376	0.606726	1.1e-05	1	244.69143	-11.461
4	0.543798	0.440612	124.033	0.248342	0.004119	0.71167	0.0	11	212.4273	-10.449
4	0.737502	0.214302	83.803	0.211707	0.399766	0.611229	0.0	8	253.24957	-3.351
5	0.589688	0.109176	111.962	0.192274	0.287721	0.884575	0.0	6	235.83955	-5.139
3	0.260187	0.268335	72.572	0.852626	0.915356	0.632039	0.0	2	93.21252	-19.919
4	0.546629	0.151602	81.032	0.215885	0.000874	0.749553	0.000253	6	146.2156	-10.283
4	0.784392	0.151039	128.007	0.063551	0.026687	0.609951	0.0	7	224.33333	-5.522
4	0.752091	0.056669	161.97	0.046883	0.13115	0.672178	0.069033	7	215.68109	-12.512
4	0.538162	0.552991	81.819	0.176617	0.009814	0.429725	1.3e-05	8	31.03955	-6.82
4	0.797497	0.371636	83.626	0.276227	0.165529	0.662703	0.0	6	207.31955	-5.672
4	0.482037	0.094448	85.031	0.37835	0.067578	0.66131	0.0	10	139.59791	-17.525
4	0.619594	0.35706	148.729	0.382504	0.102175	0.559089	0.0	1	145.6322	-9.375
4	0.762396	0.640664	90.996	0.29477	0.095732	0.668004	0.0	10	107.15955	-6.878
4	0.681461	0.728084	141.821	0.702178	0.3545	0.623527	0.0	3	243.29823	-10.634
4	0.500179	0.27848	168.925	0.094578	0.51503	0.369234	0.0	0	338.35211	-11.705
4	0.646228	0.235944	76.816	0.338837	0.141902	0.338837	0.0	7	180.39247	-6.807
0	0.354658	0.688096	0.0	0.338837	0.799536	0.338837	0.0	1	13.67619	-18.258
4	0.611237	0.269616	127.855	0.153757	0.00554	0.567054	2e-06	1	303.03456	-10.168
4	0.624169	0.087944	159.943	0.522884	0.046079	0.827039	0.001218	7	151.62585	-11.287
4	0.871324	0.058351	149.974	0.246581	0.031006	0.78626	3e-05	7	170.65751	-8.544
4	0.770204	0.516676	99.698	0.335486	0.004973	0.91762	2e-06	2	164.18585	-6.791
4	0.908654	0.077938	113.021	0.108761	0.002891	0.762711	0.0	2	243.10621	-3.81
5	0.692175	0.693237	94.665	0.370332	0.097155	0.513711	0.0	10	194.95138	-7.465
4	0.695522	0.036483	147.316	0.057778	0.204534	0.705099	0.0	0	289.63374	-14.405
4	0.571701	0.184061	73.074	0.308528	0.02733	0.684259	0.0	9	229.91837	-7.096
4	0.817152	0.871844	85.522	0.324536	0.217217	0.810367	0.0	1	30.01134	-3.954
4	0.397792	0.279383	143.164	0.17718	0.046313	0.763421	1e-06	1	192.73252	-12.548
4	0.654225	0.169061	82.756	0.073595	0.055606	0.690236	2.3e-05	0	266.88109	-13.977
4	0.58441	0.10132	77.462	0.267516	0.013763	0.761573	0.0	1	331.62404	-9.042
4	0.755272	0.326604	160.054	0.076422	0.023523	0.63905	0.0	9	241.07955	-7.603
5	0.37519	0.245815	91.585	0.550009	0.003757	0.753908	0.0	6	52.05868	-9.833
4	0.72224	0.224034	83.362	0.244097	0.655782	0.435364	0.0	5	292.19147	-5.975
4	0.895515	0.148897	145.148	0.036918	0.124706	0.622581	0.0	7	257.19955	-4.208
4	0.295146	0.118259	75.394	0.390251	0.044715	0.745986	0.0	1	302.86585	-9.315
4	0.625359	0.21895	80.906	0.249515	0.08026	0.837754	1e-06	6	272.77288	-6.472
4	0.22131	0.097774	87.984	0.07959	0.029187	0.777135	3.7e-05	4	183.99955	-16.157
4	0.573566	0.211744	149.961	0.058343	0.006174	0.542585	0.000217	10	255.99955	-15.538
5	0.283219	0.570848	85.793	0.749201	0.89564	0.721845	0.0	7	35.38585	-10.973
4	0.517227	0.408662	160.111	0.224266	0.01037	0.556627	0.000328	8	132.39973	-5.319
5	0.759261	0.10037	111.805	0.309675	0.406097	0.744083	0.0	10	310.93506	-3.937
4	0.607397	0.06628	183.169	0.104914	0.140076	0.350384	0.004472	9	275.69025	-11.809
4	0.91121	0.349054	103.91	0.037562	0.002026	0.302747	0.155056	0	432.79955	-5.2
4	0.784136	0.686772	77.868	0.045256	0.01373	0.20714	0.000696	9	433.86621	-8.53
4	0.840805	0.118488	162.677	0.099073	0.000364	0.422153	0.000936	4	167.46621	-8.647
4	0.848799	0.798895	119.141	0.073096	2.8e-05	0.247251	0.00768	3	490.96803	-15.529
4	0.910236	0.935288	175.262	0.119982	0.00476	0.236454	0.013247	9	431.29288	-6.728
4	0.793219	0.122507	77.966	0.078869	0.000423	0.30648	0.003121	6	353.07057	-10.435
4	0.967513	0.053933	140.576	0.191099	3.3e-05	0.298495	3.4e-05	3	167.21288	-6.872
4	0.985332	0.95598	102.587	0.115405	0.115305	0.264358	0.000187	7	287.18975	-3.697
4	0.425644	0.095402	90.86	0.028896	0.037704	0.311958	0.021136	3	406.9873	-18.694
4	0.772814	0.300238	178.447	0.048356	0.009995	0.175473	0.011353	7	510.73288	-10.086
4	0.996981	0.099687	90.281	0.156346	6.8e-05	0.263151	0.405144	8	290.78358	-3.249
4	0.308562	0.426886	106.552	0.033543	0.104504	0.354552	0.672513	1	562.99955	-10.303
4	0.921481	0.34246	137.61	0.05735	0.016899	0.474638	0.002013	9	290.08934	-3.61
4	0.843551	0.201596	103.763	0.117813	0.006946	0.413753	0.00608	7	464.47156	-7.582
4	0.800809	0.163007	92.041	0.087174	0.013149	0.429118	0.678981	10	332.62621	-9.569
4	0.665064	0.32675	83.604	0.05195	0.03952	0.229938	0.400719	4	402.46354	-21.687
4	0.821187	0.924871	107.123	0.078668	2.3e-05	0.212376	0.926228	7	436.45342	-16.202
4	0.996148	0.12471	85.204	0.208356	0.000322	0.222024	0.436497	10	252.95955	-2.84
3	0.878296	0.117861	178.442	0.058621	3.7e-05	0.173	0.167563	9	321.61288	-9.344
4	0.979381	0.300721	103.16	0.147352	0.000112	0.403146	0.225089	4	364.78503	-5.846
4	0.899152	0.123217	90.854	0.075745	0.001794	0.28219	0.624638	0	289.40177	-8.221
4	0.748022	0.139092	118.268	0.053591	0.004309	0.542171	0.000548	9	342.57288	-7.516
4	0.950391	0.962927	87.366	0.108993	0.000146	0.253957	0.038752	11	239.58304	-6.851
4	0.724967	0.794753	138.598	0.050686	0.011792	0.250603	0.881014	1	308.1922	-15.446
4	0.942974	0.376706	194.229	0.157496	0.0007	0.208912	0.000281	9	218.63955	-6.249
4	0.892919	0.964439	143.643	0.075322	0.001127	0.272846	0.335729	7	464.87955	-11.398
4	0.893543	0.644717	153.138	0.085767	0.000107	0.276907	0.575063	6	310.15955	-5.647
4	0.931933	0.627431	96.11	0.060082	0.00032	0.426623	0.33674	4	140.90621	-6.58
4	0.971869	0.962157	98.834	0.166245	0.061481	0.26003	0.042285	9	292.35955	-5.913
4	0.956078	0.194087	173.313	0.088754	0.01152	0.221593	0.000783	0	233.95955	-4.663
4	0.712013	0.896756	70.738	0.080142	0.053587	0.142026	0.172573	3	282.56608	-16.333
4	0.975078	0.332717	139.979	0.345454	0.000218	0.365331	0.270394	2	230.18621	-5.534
4	0.965786	0.993791	134.372	0.07465	5e-06	0.256011	0.001436	1	276.46621	-6.116
4	0.642238	0.175465	113.695	0.05625	0.004661	0.370694	0.11471	4	803.47383	-18.526
4	0.717213	0.087356	151.848	0.056419	0.098112	0.297798	0.890892	9	257.04444	-17.147
4	0.757483	0.088955	150.479	0.058564	0.479968	0.216444	0.864729	5	393.89995	-16.032
4	0.912299	0.421635	93.128	0.063549	0.001694	0.122837	0.047752	1	71.82621	-6.999
4	0.87994	0.786038	98.581	0.077307	0.005012	0.348674	0.002384	8	227.77288	-11.533
4	0.952901	0.90517	92.502	0.123595	0.000255	0.106415	0.129034	2	282.86621	-5.404
4	0.988141	0.120315	114.463	0.132051	0.013933	0.474821	0.000123	9	246.41288	-3.702
1	0.97766	0.082017	135.612	0.246652	0.000485	0.296999	0.129311	5	285.55855	-4.516
4	0.726767	0.967543	123.284	0.050483	1.6e-05	0.408668	0.643791	1	278.9873	-13.121
4	0.884059	0.906444	139.991	0.060028	0.003836	0.318735	0.000719	10	374.15138	-8.354
4	0.823631	0.887514	141.992	0.0662	0.027703	0.360445	3.3e-05	4	515.13288	-8.909
4	0.822538	0.458934	108.035	0.037531	0.029239	0.310212	0.012471	2	295.18322	-3.56
4	0.887192	0.865412	165.655	0.081098	0.001072	0.181686	0.015075	1	273.86621	-6.903
4	0.82731	0.134505	177.708	0.047414	0.012104	0.224111	0.00432	3	372.19955	-5.224
4	0.959512	0.947463	175.557	0.078342	0.000924	0.185859	0.792747	4	430.54621	-7.434
1	0.554579	0.117332	94.2	0.063462	0.309661	0.309906	2.7e-05	11	366.27955	-10.595
1	0.697681	0.132	137.231	0.060802	0.489617	0.284721	0.922805	11	430.62812	-17.92
4	0.539715	0.14457	78.927	0.040766	0.013746	0.386868	0.04353	6	370.31193	-13.921
4	0.972461	0.959886	97.118	0.090387	0.003419	0.13852	5.9e-05	9	350.71374	-6.857
4	0.949413	0.296598	159.682	0.11224	0.000101	0.168924	0.639861	7	314.55955	-10.594
4	0.974143	0.137496	133.938	0.06214	0.000956	0.304511	0.009753	2	269.46621	-5.099
4	0.678966	0.215977	105.735	0.043037	0.000155	0.408298	0.051206	10	332.53832	-18.578
4	0.955466	0.130883	203.684	0.364132	0.00243	0.230545	0.072425	0	432.66621	-5.822
4	0.956495	0.612748	102.22	0.075465	0.001606	0.524441	0.633796	9	491.24957	-7.551
4	0.895171	0.217412	119.137	0.064631	0.000117	0.352438	0.024168	0	267.34621	-8.934
4	0.994742	0.428519	103.909	0.097077	0.022919	0.284889	0.039601	8	309.11955	-5.971
4	0.820794	0.693543	116.258	0.066536	1e-05	0.265567	0.012792	5	350.39955	-9.746
4	0.893029	0.322415	124.027	0.035857	0.000274	0.583402	0.006355	11	255.57288	-3.409
3	0.819485	0.273745	150.419	0.104456	0.047995	0.315657	0.007628	4	416.69288	-10.436
4	0.703909	0.084071	116.911	0.077303	0.000139	0.422558	0.004736	1	315.16689	-8.024
4	0.849143	0.807359	135.596	0.032641	8.7e-05	0.462943	0.016772	9	259.06621	-8.227
4	0.632136	0.070451	140.086	0.044348	0.000247	0.64235	0.827511	4	239.90812	-16.389
4	0.977886	0.361166	173.089	0.184218	4.3e-05	0.267002	0.003297	7	307.39955	-6.272
4	0.893577	0.105939	97.232	0.056384	0.000371	0.489714	0.281852	9	312.55955	-11.178
4	0.915022	0.958337	108.683	0.068248	0.000357	0.315003	0.056595	4	334.10621	-12.138
4	0.967806	0.658429	92.853	0.167314	0.000818	0.123675	0.803947	7	256.17288	-7.498
4	0.967286	0.119861	96.993	0.104181	0.00352	0.235622	0.201754	8	359.62621	-3.281
4	0.684871	0.043142	129.345	0.043016	0.043133	0.436263	0.196474	4	408.37288	-10.061
4	0.960842	0.110612	158.024	0.149416	0.002192	0.395585	0.48039	4	250.02621	-5.639
4	0.942998	0.068753	135.833	0.037081	0.00013	0.465133	0.740518	8	305.33288	-5.553
4	0.905119	0.894814	93.667	0.078928	0.020192	0.316313	0.000184	11	365.69288	-4.61
4	0.692364	0.313304	95.811	0.03229	0.007585	0.393062	0.001436	8	227.082	-17.28
4	0.990202	0.081657	98.531	0.16689	0.000108	0.330023	0.01466	1	291.37288	-3.091
4	0.995266	0.753404	179.387	0.253472	0.092483	0.182616	0.001884	4	296.82893	-3.071
4	0.953055	0.990718	155.744	0.097151	8.1e-05	0.283358	0.002825	9	262.29288	-5.218
4	0.506238	0.583761	146.396	0.036255	0.053686	0.364844	0.000404	1	304.14322	-19.427
4	0.93054	0.237582	126.973	0.101412	0.078081	0.370663	0.025548	0	333.45288	-7.05
4	0.885446	0.64066	133.837	0.044924	5.7e-05	0.273746	0.50825	1	268.87955	-7.03
4	0.987328	0.937819	121.676	0.178128	0.005559	0.269214	0.000258	5	355.29288	-5.244
4	0.902135	0.580576	112.241	0.068049	9e-05	0.418108	8e-06	7	194.58621	-6.643
4	0.952371	0.726921	86.034	0.079947	0.006497	0.260518	0.14446	9	361.1424	-7.544
4	0.949461	0.02397	87.995	0.05694	0.000327	0.480196	0.615966	6	229.13406	-5.522
4	0.727743	0.103059	133.375	0.039316	0.004875	0.320626	0.036455	3	468.39955	-10.748
4	0.867803	0.265738	131.193	0.070078	0.000377	0.471965	0.000391	0	271.59959	-4.752
4	0.979577	0.925355	83.639	0.106249	0.039054	0.227561	5e-06	9	305.78893	-3.321
4	0.958389	0.170516	119.337	0.192982	0.000253	0.287844	0.000994	3	312.27955	-6.456
4	0.979758	0.359805	138.512	0.090706	0.016892	0.291337	0.771495	4	310.42621	-3.692
4	0.731222	0.124623	118.191	0.053124	0.000399	0.213653	0.911232	11	533.53288	-12.038
4	0.904559	0.182672	128.836	0.087577	6e-06	0.25665	0.000502	9	264.19955	-8.679
4	0.966613	0.972326	98.726	0.110717	9e-05	0.298457	0.038817	11	282.10621	-5.209
4	0.958476	0.104866	149.331	0.139172	0.00167	0.205027	0.000144	4	798.57288	-6.393
4	0.81918	0.284466	123.98	0.037144	0.578533	0.553758	0.902591	9	281.25995	-14.348
4	0.978672	0.926972	96.872	0.141014	3.1e-05	0.258308	0.283795	11	328.77556	-4.801
4	0.952434	0.359494	88.549	0.072775	8e-06	0.185383	0.823509	4	276.87138	-10.522
4	0.920691	0.891651	128.61	0.080421	0.00015	0.271082	0.814274	6	342.38621	-6.981
4	0.951262	0.906477	90.619	0.147731	0.025523	0.33585	0.000186	0	334.57288	-7.446
4	0.913949	0.074786	126.335	0.04952	0.002707	0.61445	0.00043	11	264.79955	-6.436
4	0.563421	0.413014	148.598	0.085777	0.174554	0.501605	0.001056	5	168.30621	-12.404
4	0.92125	0.388704	137.178	0.049916	0.000682	0.224203	0.032821	1	193.85424	-6.347
4	0.960235	0.655243	78.635	0.370613	5e-06	0.159785	0.270869	8	329.55955	-6.36
5	0.964235	0.690134	138.178	0.076414	0.214598	0.351643	0.884803	0	232.07138	-9.365
4	0.564633	0.120929	123.659	0.050394	0.000511	0.599911	0.694005	4	242.93832	-16.678
4	0.978701	0.040827	209.166	0.058077	0.000789	0.243565	0.050345	4	341.24	-6.772
4	0.944897	0.979802	95.804	0.125589	0.013294	0.223947	0.655993	9	313.62621	-8.057
4	0.937414	0.973603	101.746	0.069482	4.6e-05	0.382174	0.091147	1	278.59955	-10.719
4	0.938522	0.959202	158.468	0.051815	2.6e-05	0.17887	0.000103	8	237.13288	-14.218
4	0.918975	0.365924	81.913	0.130339	0.000362	0.170948	0.5134	7	1277.80526	-11.349
4	0.957091	0.922805	140.577	0.119094	0.101208	0.157375	0.894988	2	481.82812	-5.982
4	0.893785	0.254443	102.374	0.063824	0.000537	0.427271	0.078999	10	301.59955	-11.123
4	0.882244	0.110118	138.496	0.052122	0.009075	0.386394	1.7e-05	0	306.32599	-5.692
4	0.981766	0.990712	151.381	0.092301	0.000106	0.31711	0.094932	10	450.21288	-3.176
4	0.850394	0.109887	90.877	0.073204	6.9e-05	0.260269	0.580481	4	496.62621	-10.958
4	0.688223	0.957587	112.328	0.151193	0.369319	0.492239	0.0	1	539.69288	-9.002
4	0.883329	0.397213	129.705	0.044875	2e-06	0.235445	0.881614	2	246.12526	-8.368
4	0.477574	0.375252	110.972	0.064019	0.005333	0.420819	0.081013	7	256.13016	-18.088
4	0.824209	0.371154	86.303	0.074791	0.003501	0.150109	0.893193	6	208.06485	-16.891
4	0.646389	0.132171	105.018	0.040793	0.577431	0.497667	0.896123	9	277.73342	-17.315
4	0.888919	0.299433	110.81	0.087625	0.051277	0.386742	1.5e-05	6	231.17288	-6.346
4	0.779943	0.091054	129.638	0.076529	0.004404	0.474884	1.2e-05	0	303.77288	-10.056
3	0.967494	0.962769	134.848	0.071289	0.000157	0.322573	0.779534	0	262.03955	-5.868
4	0.925062	0.409285	182.939	0.063175	0.003229	0.194828	0.005096	9	402.34621	-3.842
4	0.720934	0.268484	118.094	0.043227	0.046552	0.484743	0.000454	9	237.45288	-7.643
4	0.937603	0.355949	105.071	0.054881	0.102581	0.154072	0.532339	9	256.67955	-6.985
4	0.749153	0.081085	148.956	0.054548	0.008148	0.367986	0.000414	11	204.82621	-9.473
4	0.967006	0.367026	101.76	0.078059	3.3e-05	0.141349	0.810224	0	375.95955	-9.604
4	0.692932	0.228841	96.403	0.076596	0.019405	0.290912	0.019859	10	348.00281	-19.615
4	0.689292	0.273803	142.181	0.031226	0.004969	0.410582	0.000596	6	334.6166	-8.435
4	0.829681	0.973413	106.001	0.063394	0.000354	0.260243	0.056767	0	1254.29288	-8.036
4	0.991088	0.627188	142.944	0.241185	0.034541	0.239488	0.168502	1	349.23955	-4.234
4	0.942799	0.192829	125.341	0.105517	0.001142	0.240618	0.001364	1	278.15138	-4.977
4	0.983099	0.370586	162.658	0.137524	2.8e-05	0.204173	0.866684	2	214.50549	-8.175
4	0.951994	0.487421	87.946	0.135429	5e-05	0.362966	0.013744	6	200.99955	-5.759
4	0.984739	0.283946	93.246	0.090875	1e-06	0.187488	0.35335	4	273.11955	-4.798
4	0.801158	0.050313	115.871	0.043374	4e-06	0.395476	0.096285	9	170.39628	-16.468
4	0.761055	0.251537	165.803	0.056778	0.000365	0.254207	0.0	9	222.97288	-8.311
3	0.951352	0.427206	113.167	0.076847	0.002709	0.4067	0.025611	4	370.33288	-7.201
4	0.973234	0.576571	179.725	0.087523	0.010333	0.400291	0.001049	9	203.55955	-6.003
4	0.941375	0.364135	101.209	0.164634	0.012555	0.287978	0.000288	8	324.79955	-5.095
4	0.861202	0.598989	147.423	0.057037	0.000494	0.282408	0.04338	0	1194.63955	-9.978
4	0.89121	0.098523	106.175	0.050062	0.005337	0.267936	0.01908	9	259.19955	-7.712
4	0.943113	0.066309	87.463	0.119022	0.034767	0.365261	0.073334	0	315.57288	-9.775
4	0.976871	0.982455	157.817	0.166962	0.000231	0.209649	0.004826	9	317.46621	-5.405
4	0.717423	0.603173	94.082	0.058944	0.000493	0.285713	4e-05	9	234.66739	-13.166
4	0.926103	0.070579	100.32	0.064175	0.006385	0.294583	0.00072	6	207.33288	-5.453
3	0.963756	0.180512	88.091	0.195151	0.000837	0.222419	0.002289	6	217.82313	-5.552
4	0.802324	0.09746	129.017	0.117081	7.2e-05	0.443504	0.002833	11	401.09288	-8.968
5	0.95991	0.97597	174.959	0.28543	0.026488	0.206802	0.403161	4	407.86621	-6.215
4	0.975297	0.846072	99.943	0.050562	1.7e-05	0.325679	0.006014	2	299.93288	-7.681
4	0.733038	0.145399	94.576	0.080643	0.124466	0.386323	0.000307	4	279.66621	-6.64
4	0.889157	0.340953	145.014	0.040881	6.8e-05	0.365677	0.880574	9	258.33288	-13.614
4	0.954112	0.108348	117.883	0.112769	0.000241	0.478613	0.00648	2	199.22621	-6.99
4	0.61271	0.43889	107.285	0.06752	0.004545	0.245661	0.431711	11	393.9522	-17.701
4	0.804802	0.379729	102.029	0.102004	0.041715	0.297048	0.043705	1	364.25288	-7.537
4	0.560321	0.163252	128.907	0.038904	0.032899	0.630958	0.069389	2	376.58077	-12.657
4	0.606748	0.088153	122.47	0.058546	0.113751	0.344685	0.705356	7	276.19156	-15.869
4	0.768882	0.984577	98.876	0.043075	0.295017	0.695714	0.011207	8	349.94621	-6.685
4	0.963851	0.601094	143.576	0.177157	0.012774	0.294853	6e-06	1	186.53288	-5.748
4	0.90932	0.981639	123.408	0.087953	0.000303	0.352769	0.027589	7	240.37832	-12.051
4	0.566139	0.106401	86.006	0.310137	0.266062	0.664773	0.05928	8	21.05424	-9.776
4	0.432185	0.501421	102.966	0.032869	0.006362	0.406713	0.296822	6	347.76771	-16.115
4	0.965748	0.093119	133.88	0.17655	9.8e-05	0.280142	0.269574	0	285.38621	-3.154
4	0.710466	0.978524	72.346	0.052072	0.00432	0.140215	0.698809	5	391.67955	-13.979
3	0.858157	0.613434	101.984	0.076477	0.002085	0.332138	0.275706	9	173.37424	-15.347
4	0.658295	0.65639	83.357	0.073562	0.002078	0.248515	3.5e-05	11	355.97016	-19.473
4	0.949612	0.650523	122.538	0.146335	0.001352	0.311414	0.07629	7	324.86621	-8.79
4	0.969933	0.76706	114.428	0.114932	0.002285	0.20567	0.006919	11	327.62621	-4.248
4	0.93219	0.950332	114.637	0.075112	0.000204	0.300398	0.974463	9	233.79546	-11.972
4	0.857138	0.688954	96.482	0.048174	6.9e-05	0.303844	0.010737	2	270.91955	-7.397
4	0.85012	0.952387	132.967	0.078211	0.437753	0.301731	0.000262	5	813.29288	-5.925
4	0.810974	0.501711	96.364	0.049921	0.000167	0.377566	0.002645	0	202.14621	-10.916
4	0.886802	0.092158	155.023	0.060277	7.7e-05	0.218563	0.763319	7	197.83946	-8.912
4	0.771376	0.111398	112.255	0.054615	0.000162	0.32047	0.054228	11	355.38599	-10.191
4	0.762766	0.676102	129.952	0.047729	0.001204	0.211483	0.008318	9	392.30621	-5.705
4	0.771997	0.083665	98.058	0.038135	0.00019	0.408158	5.4e-05	0	344.39955	-5.002
4	0.648175	0.090006	117.796	0.036986	0.405929	0.412054	0.198796	8	467.19955	-9.902
4	0.943918	0.356747	153.895	0.088692	8e-06	0.339505	0.016356	9	266.15955	-6.525
5	0.785146	0.133741	101.973	0.067941	0.00041	0.281502	0.677577	1	336.96753	-14.194
4	0.723585	0.973037	124.22	0.063043	0.001055	0.219403	0.168958	10	242.28526	-15.517
4	0.934306	0.352219	146.674	0.061074	0.00177	0.31885	0.812175	9	290.73288	-5.311
4	0.990655	0.157307	101.236	0.144687	0.001862	0.380209	0.000281	5	361.95955	-7.311
4	0.845865	0.074252	101.202	0.02964	0.034275	0.589354	0.001527	6	240.98621	-6.802
4	0.763828	0.306956	140.588	0.040663	0.050611	0.47519	0.0	11	226.13288	-10.71
4	0.977559	0.410319	111.216	0.161924	0.003475	0.469933	1e-06	11	296.30621	-5.485
4	0.967613	0.236457	110.96	0.068544	0.000782	0.533446	0.01668	2	289.91955	-3.96
4	0.872599	0.161447	105.694	0.048541	0.007302	0.703977	0.011293	11	248.37179	-7.227
4	0.978963	0.198656	101.508	0.064907	0.000191	0.337983	0.00236	2	301.05288	-6.326
4	0.853852	0.105173	132.924	0.043221	0.001724	0.490909	0.005646	1	235.27955	-6.128
4	0.626405	0.406874	138.001	0.032351	0.000141	0.486686	0.017852	6	245.79955	-15.185
4	0.93503	0.309483	131.358	0.078055	0.00565	0.497778	0.0	0	197.50621	-7.101
4	0.677374	0.123453	95.117	0.03561	0.000409	0.393178	0.002156	7	326.00009	-13.279
4	0.949325	0.156526	145.183	0.097407	0.000485	0.270989	0.002486	1	171.90621	-5.3
4	0.745376	0.570072	97.84	0.038607	0.000194	0.492277	2.1e-05	7	300.42621	-14.983
4	0.498479	0.120393	120.827	0.055813	0.030668	0.332084	7.1e-05	6	524.65079	-13.5
4	0.612061	0.231731	117.579	0.041096	0.009052	0.287264	0.30062	9	402.03955	-8.878
4	0.842451	0.111349	96.92	0.09238	0.007274	0.469953	0.590959	9	281.55955	-10.189
4	0.997221	0.071175	161.114	0.077843	0.000135	0.273087	0.066678	4	309.25288	-5.239
4	0.310559	0.104427	123.874	0.043546	0.733809	0.423885	0.964054	7	154.93179	-13.957
4	0.478246	0.112323	106.254	0.033164	0.894949	0.544335	0.920014	7	148.74077	-9.687
1	0.439216	0.104015	132.618	0.034506	0.703364	0.422	0.029665	7	174.70649	-10.081
4	0.608379	0.247196	128.271	0.038767	0.83127	0.480034	0.905	2	304.5873	-10.153
3	0.238382	0.168775	132.29	0.031982	0.552882	0.548782	1e-06	4	214.99955	-15.86
3	0.465082	0.254448	140.031	0.029625	0.096849	0.283082	0.005246	2	155.99955	-7.776
4	0.383471	0.125358	119.243	0.032429	0.71286	0.653325	0.016504	7	190.9024	-14.25
3	0.163062	0.117046	107.626	0.039785	0.719035	0.494167	0.969904	10	238.54975	-21.656
3	0.134996	0.117294	107.422	0.044924	0.962501	0.439232	0.972163	7	157.77914	-20.279
4	0.46668	0.708281	86.31	0.06101	0.990958	0.49584	0.244012	4	32.62621	-20.449
4	0.607214	0.10558	151.895	0.029931	0.58479	0.350904	0.866071	7	289.17506	-7.585
4	0.437787	0.061467	76.605	0.028817	0.507023	0.487141	0.888139	0	214.99955	-11.571
1	0.474711	0.18942	130.161	0.052665	0.15345	0.648926	0.960026	8	148.58404	-15.533
4	0.424221	0.137273	192.879	0.03946	0.824083	0.253692	0.664884	1	183.58812	-11.014
4	0.230616	0.357164	117.25	0.051097	0.161564	0.377654	0.439606	4	157.64853	-19.843
4	0.246277	0.131522	115.01	0.045647	0.515782	0.340736	0.805941	3	118.33424	-18.384
4	0.543061	0.141508	109.42	0.02819	0.15255	0.678214	0.017927	0	167.4873	-10.774
4	0.715433	0.117042	131.59	0.030144	0.014247	0.508644	0.79759	2	184.09333	-8.06
4	0.804615	0.317559	105.959	0.033435	0.019094	0.517831	0.000541	0	361.61288	-7.618
4	0.148598	0.112583	98.145	0.033568	0.890489	0.635831	0.903516	0	230.42621	-17.843
1	0.215135	0.149953	90.84	0.031976	0.792704	0.620244	0.004961	8	162.03955	-16.711
4	0.181741	0.107368	84.177	0.033051	0.866163	0.483189	0.19023	7	174.39955	-15.932
4	0.338773	0.105973	92.29	0.038829	0.833803	0.575209	0.001681	9	147.30621	-15.336
3	0.146376	0.196257	133.559	0.050029	0.455761	0.249028	0.020107	7	69.19955	-18.424
3	0.191216	0.138729	157.477	0.039857	0.082747	0.340076	0.004173	2	144.89288	-18.407
4	0.19789	0.126855	144.797	0.028086	0.344783	0.511551	0.050285	0	223.49288	-15.339
3	0.173582	0.147615	117.904	0.035015	0.889452	0.585669	0.114759	8	207.74621	-17.791
4	0.250129	0.112969	131.93	0.040799	0.585148	0.451508	0.307359	9	145.70621	-19.042
4	0.521741	0.088676	151.57	0.030602	0.046633	0.416165	0.001211	7	285.31955	-7.732
3	0.411451	0.121709	146.908	0.03899	0.27319	0.375765	0.0	6	274.46621	-8.461
4	0.021752	0.104838	81.359	0.040563	0.993989	0.308637	0.954818	10	113.23955	-30.563
3	0.141741	0.07583	118.955	0.038634	0.912662	0.461115	8e-06	5	195.05288	-14.823
4	0.313091	0.416061	119.195	0.054625	0.660541	0.609328	0.001342	5	155.26621	-13.225
3	0.443113	0.111664	147.242	0.031258	0.248411	0.429333	0.0	6	278.67955	-7.897
3	0.209556	0.236274	135.681	0.030969	0.152293	0.432277	0.006021	7	145.69288	-18.037
4	0.313004	0.099207	108.503	0.043221	0.749848	0.578752	0.067536	7	204.43955	-15.143
4	0.455633	0.085783	167.125	0.032643	0.253112	0.465799	0.007609	6	274.79955	-9.717
4	0.359587	0.220654	107.323	0.054293	0.637525	0.609044	0.0	1	150.82621	-12.296
4	0.202973	0.240967	113.775	0.034966	0.692464	0.635232	0.005162	8	185.49506	-19.095
4	0.270722	0.102391	143.807	0.031264	0.854214	0.424034	0.168915	2	226.61288	-13.276
4	0.247862	0.163021	110.845	0.047201	0.369247	0.712697	0.0	2	140.89823	-11.002
4	0.199684	0.149738	75.791	0.047515	0.900298	0.442776	0.165394	10	150.03955	-16.166
4	0.348235	0.129461	91.648	0.028371	0.475112	0.516408	0.0	3	153.46621	-11.456
4	0.238731	0.163616	113.414	0.038821	0.879605	0.598047	0.0	7	219.79955	-11.677
4	0.417201	0.1942	113.662	0.032199	0.385602	0.636884	0.0	6	192.57288	-10.237
3	0.349916	0.154499	122.602	0.02977	0.065178	0.452044	0.0	9	192.65288	-10.055
4	0.193172	0.132012	116.57	0.039776	0.87941	0.50465	0.470146	4	174.53692	-17.383
4	0.373951	0.11427	130.985	0.066483	0.645925	0.463286	0.0	0	120.50621	-11.798
4	0.526795	0.123118	115.563	0.030117	0.844305	0.644136	0.659365	7	190.74621	-10.687
3	0.281218	0.101151	162.81	0.035773	0.863716	0.385871	0.085153	5	250.49288	-15.886
4	0.582535	0.711764	75.934	0.032192	0.010248	0.464089	0.002288	6	304.39955	-8.445
4	0.468753	0.22465	119.828	0.036927	0.761848	0.413028	0.254641	5	131.75955	-11.444
4	0.510407	0.066889	73.68	0.028781	0.071804	0.36836	0.000231	9	212.02621	-8.501
4	0.418526	0.324167	133.222	0.031768	0.164302	0.61975	0.118838	9	233.39687	-12.738
4	0.367836	0.106634	122.23	0.040115	0.488522	0.682446	0.03769	6	237.98621	-12.185
3	0.347711	0.076216	108.316	0.032539	0.6279	0.634553	0.0012	0	158.21288	-10.938
4	0.4777	0.112264	176.163	0.031249	0.091124	0.259262	0.014413	7	184.93288	-11.048
4	0.343482	0.064084	76.012	0.033046	0.144294	0.515571	0.020343	7	214.79955	-9.984
4	0.706193	0.209846	134.765	0.027315	0.085328	0.555408	0.000354	0	229.69288	-6.78
3	0.254954	0.092059	108.176	0.038238	0.74389	0.604295	0.00092	0	155.33288	-12.765
4	0.286358	0.092892	155.212	0.031847	0.092067	0.408464	0.000748	4	259.41075	-12.729
4	0.08125	0.110174	166.942	0.037775	0.768641	0.487753	0.000459	4	198.83955	-20.503
4	0.33781	0.115055	125.996	0.036407	0.099362	0.528146	0.0	9	149.98621	-12.914
4	0.269239	0.090858	144.085	0.027154	0.669229	0.576518	0.676216	7	195.89288	-11.453
4	0.208895	0.143282	119.609	0.046256	0.82763	0.663262	0.000398	10	106.81288	-15.654
3	0.322164	0.157173	161.346	0.032359	0.176955	0.436284	0.004375	8	156.66621	-10.998
3	0.295193	0.237785	94.166	0.029136	0.184305	0.534447	0.0	0	190.57288	-13.533
4	0.218173	0.117231	116.479	0.029864	0.538126	0.580807	1e-05	7	223.97288	-12.605
4	0.204389	0.223488	155.164	0.029483	0.086458	0.417051	0.004503	4	251.70621	-16.493
4	0.207147	0.124331	71.619	0.032574	0.364609	0.270369	0.045871	10	144.37288	-17.995
4	0.507919	0.123424	86.861	0.031181	0.428181	0.567256	0.065971	0	184.90621	-10.843
4	0.673476	0.102843	84.721	0.03721	0.315004	0.395747	3e-06	0	334.59955	-9.804
4	0.38519	0.09947	98.926	0.025159	0.655125	0.515244	1e-06	3	139.79955	-11.185
4	0.80022	0.082735	173.934	0.034821	0.033074	0.455512	6.8e-05	9	194.13288	-5.659
4	0.168589	0.13949	142.03	0.045263	0.218945	0.586587	0.603386	0	166.26621	-18.056
3	0.39452	0.119053	108.508	0.029839	0.396874	0.563108	1e-06	1	129.93288	-13.716
4	0.725823	0.122579	95.994	0.025529	0.010669	0.518115	0.002475	7	182.10295	-7.576
4	0.109814	0.088808	76.503	0.040589	0.884253	0.581617	0.000163	0	135.19955	-17.929
4	0.193909	0.116856	116.04	0.04332	0.225774	0.562853	0.02272	9	258.75955	-17.424
3	0.139665	0.098199	135.479	0.057107	0.915915	0.474197	0.602451	7	142.17288	-19.245
3	0.488808	0.080833	132.157	0.025963	0.361398	0.632507	8.1e-05	10	278.31955	-7.716
4	0.480453	0.270698	78.171	0.032198	0.397505	0.596362	0.076295	3	224.94621	-9.808
4	0.301227	0.133294	111.701	0.041442	0.117591	0.61507	1.7e-05	1	146.17288	-14.704
4	0.473131	0.145355	119.557	0.031731	0.496638	0.676662	0.0	7	194.27955	-7.814
4	0.295228	0.115889	119.436	0.036685	0.928001	0.617854	0.793526	7	188.35156	-19.612
3	0.384375	0.053656	108.775	0.03202	0.291005	0.377266	0.019438	0	183.63955	-9.802
4	0.252195	0.145451	79.471	0.031411	0.335507	0.592379	0.004006	9	190.29288	-14.831
4	0.212268	0.105371	105.056	0.039888	0.877148	0.334922	0.261733	2	202.53288	-18.719
4	0.340467	0.453172	122.438	0.033383	0.213931	0.392118	0.186125	10	298.05288	-10.091
4	0.321656	0.106615	74.536	0.034652	0.848202	0.444147	0.000166	10	144.33288	-8.848
4	0.373831	0.10537	102.768	0.030932	0.801452	0.635749	0.670319	0	181.29288	-13.138
4	0.094574	0.117321	117.077	0.036294	0.916037	0.545909	0.023817	7	160.09288	-19.543
4	0.237656	0.099351	116.383	0.038719	0.884555	0.631643	0.108162	3	131.07955	-18.923
4	0.31804	0.225291	82.136	0.03429	0.761254	0.381045	9.2e-05	7	187.13288	-13.402
4	0.405687	0.338956	141.191	0.039382	0.275805	0.423203	0.001383	0	270.63955	-13.171
4	0.168252	0.122195	115.191	0.032056	0.931555	0.53117	0.24937	10	163.78621	-15.707
4	0.427156	0.093671	116.056	0.034449	0.290257	0.493909	0.004351	9	147.13288	-11.847
3	0.293539	0.087063	149.576	0.033793	0.676889	0.363135	3e-06	1	164.19955	-12.967
4	0.268604	0.132162	118.076	0.05146	0.801536	0.543982	0.160676	4	177.91955	-13.978
4	0.200355	0.122049	151.238	0.03066	0.572627	0.547972	8.5e-05	5	161.03955	-13.673
4	0.0188	0.110489	109.064	0.03771	0.869515	0.523656	0.000241	0	251.32363	-26.53
4	0.081614	0.113972	78.708	0.073799	0.581857	0.635826	0.0	9	264.95955	-18.343
4	0.030674	0.088486	102.729	0.046032	0.755391	0.468855	1.1e-05	9	309.91628	-21.862
3	0.152846	0.110828	113.323	0.033504	0.835508	0.403926	0.002025	0	329.45587	-16.154
4	0.217087	0.112737	78.465	0.033762	0.95033	0.470903	0.007927	1	239.98649	-15.556
4	0.124285	0.116325	119.933	0.059417	0.739154	0.534889	0.0	3	313.59955	-15.805
4	0.300666	0.105021	166.901	0.031172	0.283895	0.39612	0.715839	11	241.42322	-19.695
5	0.017487	0.120115	90.622	0.042412	0.781075	0.433269	0.00011	4	279.06567	-21.621
7	0.01998	0.122819	194.556	0.071595	0.744144	0.333664	0.879982	4	575.89506	-11.218
4	0.589769	0.96794	77.194	0.045273	0.581792	0.253766	6e-06	9	339.47955	-8.249
3	0.503723	0.128987	92.271	0.126063	0.945612	0.365307	0.174122	3	154.79955	-11.392
4	0.313386	0.123531	137.469	0.035661	0.887587	0.348765	0.0	0	259.02395	-8.751
3	0.072778	0.353516	96.001	0.036501	0.683794	0.434582	0.000882	7	225.97288	-18.482
4	0.696473	0.297477	90.701	0.02828	0.042907	0.545882	0.000269	2	222.05288	-6.981
3	0.142463	0.09931	94.159	0.035425	0.974249	0.314025	4.9e-05	0	245.75955	-15.086
4	0.032159	0.357913	90.17	0.038972	0.895731	0.635054	0.0	7	146.49424	-21.58
4	0.45474	0.707539	107.519	0.030659	0.692561	0.347722	0.0	7	222.98077	-11.669
4	0.036888	0.095486	79.532	0.050251	0.880237	0.617184	5.3e-05	1	237.94893	-22.488
4	0.150089	0.198261	80.644	0.100498	0.902728	0.574288	2.8e-05	4	97.64	-18.74
4	0.000711	0.12147	128.065	0.041653	0.034508	0.261715	0.557471	7	699.97669	-13.172
4	0.238034	0.318718	77.174	0.03043	0.186531	0.324125	0.0	0	333.23955	-8.395
3	0.095966	0.686319	112.036	0.046263	0.736357	0.524399	2e-06	0	266.09265	-15.233
4	0.31938	0.479087	154.097	0.039222	0.538984	0.552821	1e-06	0	200.10599	-11.55
5	0.510333	0.088705	112.959	0.033925	0.586447	0.321703	0.0	2	228.07955	-9.467
4	0.153512	0.100258	92.898	0.060173	0.783985	0.539998	3.9e-05	4	188.43955	-12.783
4	0.388645	0.316437	148.151	0.034372	0.650585	0.640257	0.930088	1	332.14621	-14.658
4	0.675698	0.107155	83.442	0.032364	0.277862	0.481061	0.017603	11	264.17265	-6.922
4	0.622079	0.082142	137.998	0.045027	0.177008	0.513727	0.000174	9	357.55955	-8.586
3	0.084691	0.154711	92.093	0.033112	0.662041	0.26524	0.0509	0	272.95302	-17.832
4	0.213153	0.925468	83.489	0.160181	0.901722	0.19838	1.2e-05	2	184.30599	-21.092
4	0.45476	0.307325	127.908	0.030872	0.000608	0.469225	0.036054	5	231.45288	-11.542
4	0.49805	0.282011	97.025	0.033711	0.404634	0.721261	0.885455	0	209.15955	-9.942
4	0.054665	0.099672	90.803	0.395578	0.925006	0.476437	0.0	6	117.96286	-20.459
4	0.090458	0.124244	123.002	0.035897	0.039492	0.533127	0.002092	4	348.75846	-13.334
3	0.370877	0.068786	149.011	0.033234	0.43047	0.306609	0.952191	4	237.73288	-11.877
4	0.416243	0.957531	98.479	0.029102	0.151647	0.323545	0.0	7	238.65288	-7.716
4	0.375417	0.608222	130.955	0.037836	0.841787	0.310823	0.0	0	285.37288	-8.727
4	0.406179	0.680178	95.452	0.102453	0.789002	0.444841	0.0	0	204.03955	-14.51
4	0.247268	0.691988	42.273	0.039011	0.140311	0.313855	1.6e-05	1	252.26621	-11.436
4	0.131806	0.090701	136.257	0.03368	0.430435	0.36696	0.000136	4	291.13714	-15.906
4	0.144054	0.94474	82.441	0.038178	0.526781	0.387592	0.0	4	229.01288	-13.433
4	0.097814	0.109195	113.818	0.041761	0.679171	0.58538	0.0	2	223.50322	-20.104
5	0.083369	0.939269	87.429	0.039027	0.838393	0.28012	1.2e-05	11	265.11932	-15.873
4	0.233134	0.10291	134.141	0.029822	0.810602	0.611562	0.010249	2	245.73288	-12.99
3	0.125569	0.186851	106.93	0.036709	0.844713	0.446096	0.000462	3	367.7717	-16.751
4	0.601692	0.221265	97.009	0.033486	0.336146	0.653642	0.013036	0	212.17188	-9.005
3	0.250621	0.261442	80.388	0.855297	0.875882	0.632221	1e-06	5	36.43955	-20.921
4	0.564511	0.971433	169.022	0.097678	0.066139	0.336905	0.0	9	324.51932	-11.551
3	0.066842	0.11148	112.961	0.037771	0.768578	0.496781	0.0	5	320.93995	-17.514
3	0.396421	0.451636	110.867	0.030462	0.812192	0.266597	0.001016	2	276.09288	-9.383
4	0.165764	0.081922	119.662	0.034009	0.874679	0.299336	0.151211	0	300.49288	-16.996
4	0.673462	0.106605	83.222	0.03314	0.300787	0.480251	0.019832	11	264.21288	-7.383
5	0.137626	0.984297	84.002	0.038541	0.862622	0.27087	7.5e-05	4	299.21265	-13.949
4	0.272647	0.097557	102.941	0.029811	0.867148	0.373288	0.000699	7	341.03955	-11.045
4	0.699573	0.092731	81.147	0.048134	0.172905	0.490798	9e-06	2	286.63955	-5.671
5	0.135282	0.163507	83.431	0.035432	0.796405	0.316573	3e-06	4	356.66621	-11.935
4	0.128971	0.097225	110.953	0.030886	0.901254	0.481667	0.004046	0	282.06621	-15.898
4	0.304579	0.120192	141.562	0.034369	0.490152	0.425607	4.4e-05	4	326.20558	-9.766
3	0.23078	0.215963	145.942	0.031637	0.649021	0.372241	0.00271	2	371.79737	-11.87
4	0.19382	0.351142	88.261	0.029541	0.152971	0.38584	0.00029	4	285.70077	-14.116
4	0.114593	0.093523	117.701	0.040329	0.938256	0.406623	0.021308	0	393.86621	-16.592
4	0.327393	0.111867	90.75	0.033347	0.408462	0.550534	0.001237	2	250.59932	-12.236
4	0.229593	0.100609	74.353	0.036373	0.45593	0.322031	2.9e-05	0	343.57288	-11.356
4	0.592897	0.095538	107.432	0.031923	0.270923	0.357213	0.0	7	225.37288	-6.907
3	0.501827	0.118224	159.799	0.033819	0.35506	0.325697	5.5e-05	0	193.87955	-8.568
3	0.36025	0.084873	187.947	0.032144	0.635826	0.41445	0.087975	9	286.02621	-11.326
3	0.109787	0.160087	113.288	0.047316	0.691377	0.473404	0.000479	9	350.27546	-17.758
4	0.375672	0.144378	78.168	0.045914	0.229294	0.381347	2e-06	9	316.75918	-7.999
4	0.291602	0.12956	153.919	0.056231	0.580639	0.526175	2e-06	0	278.42621	-12.915
4	0.136595	0.29882	155.043	0.040651	0.893315	0.4466	0.000301	1	246.21293	-15.12
4	0.120725	0.110266	76.667	0.062321	0.950887	0.616742	0.000121	1	245.41333	-18.336
4	0.281818	0.112265	147.966	0.032445	0.831374	0.637606	0.000254	1	310.04689	-15.369
3	0.221327	0.984227	96.822	0.03105	0.830553	0.48872	5e-06	10	255.05288	-10.948
3	0.100862	0.138607	97.456	0.035639	0.879797	0.472042	3e-06	10	244.84526	-18.689
4	0.450957	0.896774	147.894	0.03875	0.595158	0.45909	0.0	0	323.43932	-9.307
3	0.109254	0.156176	112.828	0.0469	0.708629	0.587319	0.0004	9	350.21288	-17.741
4	0.143101	0.106788	85.601	0.039869	0.6731	0.348029	0.000676	5	307.77288	-14.566
4	0.205259	0.114394	85.348	0.036701	0.258702	0.326621	5e-06	9	329.25288	-11.419
4	0.353942	0.713308	81.199	0.033254	0.123105	0.393898	3e-06	9	378.45288	-10.114
4	0.332628	0.122905	77.99	0.024203	0.583255	0.46328	0.00658	7	339.80726	-11.781
4	0.275463	0.390606	77.951	0.024711	0.613519	0.47027	0.002371	4	350.25125	-12.795
4	0.448841	0.965553	106.678	0.068381	0.192224	0.393168	1e-06	9	393.09288	-9.45
4	0.085965	0.697834	75.898	0.034562	0.874355	0.340403	0.00018	3	357.37288	-16.799
4	0.194945	0.317175	80.502	0.910831	0.763956	0.613242	0.0	7	83.35955	-20.031
4	0.368303	0.655872	96.109	0.174865	0.739222	0.452571	0.0	0	247.82599	-15.962
4	0.700575	0.706605	107.054	0.085375	0.742844	0.733847	0.000123	11	161.78599	-11.161
3	0.021583	0.111191	119.157	0.03616	0.946473	0.491473	0.166871	0	318.51057	-28.029
3	0.07982	0.108475	118.994	0.034323	0.944037	0.538809	0.322311	0	325.19791	-18.48
4	0.350731	0.118886	84.14	0.048672	0.525626	0.674595	0.007525	8	191.41161	-10.522
3	0.20148	0.099278	92.324	0.030395	0.565542	0.325734	0.004756	0	305.89342	-8.527
3	0.214548	0.101995	183.341	0.034879	0.530706	0.249346	0.008654	0	305.85279	-8.636
1	0.197529	0.109731	164.269	0.044077	0.712087	0.312772	0.067895	11	244.40118	-13.883
4	0.569387	0.110184	83.784	0.031955	0.201787	0.550949	2e-06	1	209.18621	-8.819
4	0.290313	0.143183	97.288	0.034572	0.915952	0.469888	2e-06	0	176.46621	-11.605
5	0.031396	0.091252	110.981	0.038192	0.234432	0.405608	0.000237	0	1301.70621	-9.912
4	0.131722	0.983539	117.193	0.035112	0.813204	0.356455	0.006407	7	346.74599	-16.167
3	0.23197	0.113188	116.354	0.031228	0.827693	0.727255	0.0	0	223.63955	-9.882
3	0.191783	0.483937	114.112	0.031662	0.71024	0.4868	2.9e-05	5	321.49265	-11.987
5	0.001099	0.094789	135.725	0.053137	0.924508	0.22293	0.604321	7	1316.49288	-32.737
3	0.152564	0.701052	141.679	0.080256	0.841994	0.470479	0.0	3	308.13288	-11.906